9851
4023
6855
8164
8471
4520
3360
8563
7848
4438
1198
5500
562
615
2797
254
2723
9093
3277
3828
5868
8628
9879
5018
9296
8635
5212
430
8427
8897
7206
5958
5862
9531
3812
8161
7575
1235
2180
7821
5450
3472
162
7787
4610
1117
4591
7599
8324
2668
7515
9931
9337
6646
2561
2047
3496
4302
5515
1896
6979
4280
65
5415
7164
5511
2360
9681
2920
1715
7687
6046
5522
3842
2099
7505
8877
112
811
5005
6452
4935
3327
8568
5450
7862
5476
5664
1669
1387
1929
2955
9689
1164
426
2531
7241
8735
1469
3383
1848
9672
8081
6277
2683
8897
1937
5653
9226
8322
1815
8088
1802
7740
6991
3585
9849
3337
3779
3918
3584
1572
8964
5228
8120
696
397
7856
3846
1839
2720
3661
5066
8956
2730
8130
6188
9674
6937
1371
9602
9563
6808
4827
7856
592
6100
2155
5468
2198
3245
2714
3658
3816
3258
1803
9862
6191
5274
7932
722
8097
3706
6899
5849
8241
200
8354
935
6226
3566
9412
1228
5965
2093
7558
610
3588
8443
4472
2445
2604
5710
6303
4656
8609
4299
5439
8564
5989
2376
2249
2848
3489
9012
5940
3538
2205
4676
4802
1515
1854
9064
6555
9791
308
4578
7552
7329
7213
2211
555
2824
1347
7335
6519
8484
3138
3604
3899
4197
7878
3784
7359
9226
6921
9212
4751
4295
3726
4950
5343
9229
3904
4464
9440
6348
829
2056
3921
2656
3877
7481
9206
2543
7160
559
2839
736
3687
1655
5715
543
2324
1834
9090
1136
7135
7867
267
1107
5001
1456
4795
6708
4864
491
9539
3463
2817
3779
7783
9982
4112
8735
9221
9854
2098
6677
3587
6462
2491
6694
7520
7988
175
5346
702
8140
1894
1716
7869
8284
4481
6827
2272
9993
9290
3042
2644
7652
9992
589
1163
209
4264
445
3342
4611
9732
5576
7588
4125
684
2275
7679
6785
2041
3913
5880
2464
4681
3788
5206
7080
6688
1040
5258
6914
9736
3661
6213
6593
5236
1619
5361
5023
1563
1228
6767
3975
1406
5464
8878
4464
7210
1188
8526
1233
1814
4363
185
1892
1996
7738
9802
9169
5909
3090
8696
3168
4257
2753
3364
2567
8829
5771
7289
1877
8836
8569
4587
1049
5773
6218
1344
6992
8740
6170
2896
7686
4309
8686
228
4570
5657
2869
9276
5632
1797
7578
4946
2509
4442
9178
5630
6505
5073
2582
2612
2300
6292
3773
5648
269
3874
8965
2386
4640
7024
3925
4833
7043
2535
9878
5902
6847
5039
1027
3417
4649
353
374
2284
6075
2023
3851
6839
6034
4
8627
190
7770
4362
9271
9232
332
814
1879
8967
8416
3745
2913
6583
5450
2429
1754
3289
5779
8730
5978
4226
86
1188
2274
9560
1134
6102
7299
592
3602
286
7898
539
8656
4668
2794
160
9383
9471
61
2842
1285
9727
4217
2248
2122
4687
6381
3945
3573
5271
6626
5278
8495
2720
5710
3913
9207
9092
8434
8096
3659
2905
5782
2781
6189
1213
9207
9929
4565
4606
4345
4097
2062
9826
5218
7037
5420
7402
9164
4874
160
588
1776
2928
9143
6777
2768
5392
1336
1561
9982
8652
9872
4050
2412
34
2580
1294
2583
9483
9986
386
3279
8861
2589
8117
8103
4123
7806
5872
5464
4552
9154
9531
4236
9808
4495
4527
413
2880
3399
8582
3969
1124
3452
4941
6404
9023
672
809
9665
1928
4832
3520
6468
8287
3673
3014
4089
9246
5486
6779
689
7376
3365
6415
964
1997
4247
6357
4550
3064
8968
1952
342
6042
5098
8980
5141
8586
6101
9662
1189
1730
4206
5944
6472
8377
1595
9917
7597
4814
7842
6099
770
934
7996
8631
6403
2449
1005
8134
7630
3834
8510
7297
2674
2132
9647
3048
8050
5996
4029
1909
183
9605
6186
2059
5457
7106
5290
2709
8004
7892
97
3051
7249
7170
2651
7601
650
659
5477
6747
8967
2138
257
9630
6459
1050
7739
503
6344
4137
8645
5128
9544
9900
3368
45
2211
3079
7793
5793
734
7313
4499
3203
5885
5697
215
6832
8166
4399
9909
5663
2509
997
6441
1446
7971
7609
9778
5133
4354
8201
5241
3685
4021
6037
6197
7539
5826
1696
5470
1442
1055
2638
1203
4663
2065
1905
4545
5581
9195
8118
8982
1139
3290
4969
4942
3623
8883
2777
3152
5623
793
4385
5064
4812
2393
1080
6660
9345
9842
19
2926
4937
809
7518
8555
935
3537
6802
7639
3578
5649
6966
5472
6445
1368
182
2818
6893
805
9517
9000
9148
1825
7488
8315
8510
6885
7498
5982
8622
2235
807
2496
5073
8491
5284
3836
9427
2852
2507
9140
5236
8193
9676
9008
4252
582
4416
8259
6379
9132
6293
1199
5747
2615
8624
7719
5414
9388
7357
8523
9145
9837
2575
2159
9826
3512
6024
2589
5972
640
2726
9799
8490
1171
5371
7614
7663
5080
6935
4029
5599
2485
8419
2681
7593
3453
5057
4869
5552
2658
1980
3233
6247
2257
2656
5122
8543
5972
3159
7534
5042
9481
1151
3410
5146
3153
9815
3730
2192
2444
3360
2597
332
9757
8438
2359
1810
5453
7111
4081
5849
9431
7399
3371
468
4277
3281
926
8281
8398
6984
2786
5609
8207
9772
2232
8431
4903
2195
8262
6697
5851
7292
5829
4877
3986
9534
1501
1817
277
9930
6460
4988
1619
899
5503
7375
2021
5989
1445
5114
8132
3414
8143
5504
8658
8217
7365
4323
9477
9346
7111
7670
2465
2596
8613
2834
9317
6591
3695
7321
6613
324
4314
8902
7692
7536
2378
5606
692
766
4784
5301
6300
7855
9096
4292
6579
2195
9734
8693
8443
1833
7279
7675
2629
980
7760
6080
6006
1595
5896
2540
5421
7109
6540
7553
8133
8410
8668
6521
7015
3811
6090
1260
5781
2053
6222
3240
1596
7408
474
8738
6023
1267
6225
2780
1530
8083
7318
4504
7138
524
8611
9195
6432
5015
6371
5013
6251
7763
5495
5905
7304
2939
9460
9283
6985
9377
5289
9713
7605
4706
4747
4450
9270
1612
7675
6276
3859
2874
4504
8997
8750
918
5987
5265
4275
4307
9024
6079
7330
796
9566
1959
6686
7018
4036
9793
8827
5523
6987
8330
9105
1662
116
60
8877
7290
3145
4596
7045
4604
6261
8724
7175
69
5790
2724
1360
1349
7456
9590
3454
1770
3069
8823
8949
3417
9439
348
4420
8069
153
9555
9622
3264
1259
4466
7946
2962
304
6025
3422
944
8709
1540
2721
1767
1491
5111
7620
7148
8737
4475
5353
5483
3687
9014
1874
2177
607
2890
8116
5265
455
4465
6560
1398
2679
6439
4808
7882
8099
3459
472
3052
6855
9004
2737
993
3875
5529
974
3224
4716
8974
9686
716
7568
1418
5915
7203
6286
7276
80
2073
5823
2179
3668
8505
5119
9757
4948
8879
5038
7160
6299
5295
5326
2929
7968
8952
736
2050
7411
2574
3606
741
9540
1220
1104
5383
5538
4830
6016
2535
6341
6456
1102
6197
3998
9445
6601
9622
2378
8035
1015
292
1254
246
3176
4574
666
4871
3822
4622
1867
6503
3388
4992
6444
8317
7704
5830
2753
8782
3539
6045
9923
6947
3752
6414
8188
3329
5210
5230
9646
6421
6159
2751
5034
8859
180
8696
178
4217
9984
3871
1842
2528
3649
7706
4916
9353
9182
1511
9140
1321
5922
5841
2101
6994
8843
3764
6746
8515
8765
5503
3531
6019
2991
2239
4583
8468
4159
9380
6632
8090
5164
5633
9053
6946
9370
1413
9578
5407
1854
3794
4647
5841
3801
3841
6793
3555
5914
220
3717
6812
9211
4830
5684
8084
1505
2359
6156
3906
8005
7285
5856
2015
2269
444
3649
9441
1605
2057
9964
8245
6865
788
7034
2398
1827
3888
2793
933
8660
2456
3332
6637
8366
7900
2820
6625
5725
3161
1139
5095
5532
8985
926
6375
4414
4139
7888
7908
2894
4226
3403
7919
2998
4803
2584
8507
7618
5315
6102
5280
4592
6842
8415
1017
633
432
452
125
4007
758
890
7723
4419
9539
5708
3854
417
3392
5717
6881
821
693
9133
9355
6917
2823
8986
4775
7672
7091
2620
3751
5829
6453
1212
5078
1106
4504
9173
515
241
2367
1918
3987
9386
5541
4779
6724
3048
4401
8519
6736
8845
1699
1073
7765
126
6406
8769
8053
6914
6133
8768
5269
1064
925
8258
5003
1941
2438
417
3021
9305
5543
2997
5655
2596
1845
1927
8370
8378
4164
7775
8458
7859
9579
3318
1203
7574
7254
1680
5514
2030
4301
772
3682
9087
8861
7534
7697
4034
6410
5481
4601
4392
639
3775
7539
7107
6462
6454
9002
2889
5284
7055
4854
4328
6776
322
1223
2368
7684
946
8474
8400
4811
7047
809
4431
5030
2287
8041
7312
4897
5263
4939
7855
1822
1243
4493
1783
7797
2170
5493
8306
7971
1410
2579
5235
3265
1780
8459
7375
5629
2738
9
2338
3985
9846
3973
2943
2449
9409
7044
6367
848
9544
4021
2773
2209
8987
6729
8108
3304
2803
2553
8243
1983
4489
6664
2161
43
524
4408
1470
2382
7958
4232
2929
8133
4488
6864
6456
552
7140
7934
5756
2508
5773
2393
3196
6147
3153
1166
6520
8563
5208
3759
2799
6804
1824
9715
9746
661
4334
5290
724
7790
5948
364
1924
8677
7374
7502
1185
4307
1430
3601
4392
9566
5350
2912
7943
3889
5140
5575
2015
2887
1520
7173
3192
7072
8341
6713
8504
9912
5729
4067
5447
3233
8885
155
7740
9595
6043
6106
371
7601
6462
3196
7595
9141
8169
1881
7065
2786
4835
7494
252
2904
1611
7407
5398
1586
3404
5352
6013
3696
513
4619
9260
8492
2644
169
7501
516
4667
109
7795
9963
1711
9840
7018
7542
2339
1416
5186
6703
5189
9893
6178
2349
7484
6233
7729
8423
7425
8684
2657
6716
4320
1921
1376
3859
5916
414
730
795
494
9198
9223
9859
3676
889
2695
3942
2459
8149
3351
3347
8561
9407
6263
2350
4830
2644
8160
9211
8403
7505
3448
2496
6525
4551
6714
6464
1141
5810
6175
8003
2430
6283
6843
6635
1406
447
6857
2920
6907
3369
2875
1509
7281
5344
1472
4290
6270
6197
1039
5848
4307
6500
6261
4840
1031
3020
4782
3913
2838
7878
8730
1773
1429
7238
7996
3455
463
3594
1816
6646
8038
3318
9118
2992
6155
2342
5113
885
4086
1236
9221
2141
2526
536
4628
7655
1633
9423
8887
2753
9505
3819
5731
5378
2523
6625
666
2719
8180
7061
7768
7563
4024
2830
4961
5539
7467
1014
3751
7433
8431
5013
5556
4291
8166
8345
7273
9336
9497
6327
3511
7120
1221
8418
9329
9391
3076
4692
6379
6514
8381
2247
9656
6411
8468
5255
7686
819
7553
9468
290
457
3763
6969
58
3836
7954
5162
9576
8419
8902
1717
6058
9965
3276
2210
4170
5067
341
5228
3902
7005
7852
4523
3239
4628
8607
2780
145
2175
5678
5852
869
5291
8366
9501
8454
8044
5160
7475
4593
7852
2520
7978
6444
931
3071
9000
1749
328
939
308
837
8079
8500
5364
7073
4775
2713
4642
1916
7979
9906
7000
3058
8983
3613
7901
3634
9777
3872
1064
4748
8077
3983
3560
1568
689
7175
5767
5240
2959
4565
6211
5217
3601
7414
9392
391
1507
6159
6921
7453
1548
6701
2371
4131
1858
6428
7657
3087
967
7450
7079
6953
2976
5700
1313
9247
6041
9582
3139
6686
9341
3521
5923
3848
6324
5868
6785
3221
5224
3180
7414
2271
764
9953
8856
7264
1268
5196
8919
772
7070
7504
3553
6544
4719
9887
3138
2142
3408
1074
925
3987
9525
9012
8233
4422
5029
8260
5247
6171
7
3781
222
6968
2293
1246
2128
2004
4444
1578
6363
4775
7417
9482
5498
9584
2739
7828
243
8693
9038
5963
7389
1780
283
9739
6546
2168
1229
9887
8392
3427
9358
1247
8753
8649
2690
3136
5320
5835
4584
5897
6024
6968
7605
6122
9425
2580
5583
1919
5399
6351
8467
755
2222
9701
1977
5347
1117
7325
7197
9791
799
7505
9041
9135
8371
8406
607
1697
376
7313
726
9407
9787
6507
5278
936
3992
6726
120
3943
400
6081
4853
4973
2780
1713
9211
1772
4939
9789
4074
969
4715
5960
6609
4891
1982
9990
5963
1345
9019
4070
9233
7057
5560
1690
3363
9904
5877
1655
9769
9670
4495
2778
9355
2046
8048
456
5516
828
5669
6442
3902
3236
8878
7163
5294
1620
5927
5967
5622
3852
4785
8118
2810
4799
5874
3287
1438
8264
2969
1440
8913
4940
4343
9523
5750
8302
6598
8958
6930
7903
5656
1898
6632
5979
9134
4526
7281
832
6427
4088
7294
8342
7820
1295
5622
2920
3125
4627
5443
7059
8619
5107
6734
476
1816
4843
8072
9577
3371
3451
8921
9854
7570
7865
5591
1433
9400
9955
4886
3883
9335
4375
3988
6842
3898
61
4808
3990
2920
5040
3305
5239
4573
9365
2246
6180
4570
3920
7940
7228
2639
4813
1795
3017
9338
5725
8848
6652
5225
2901
6284
4548
6688
8714
8665
9230
9014
5361
1450
3350
8593
8737
1658
7269
3862
1967
4531
3127
4062
552
7925
7177
4116
54
5575
5750
8056
9702
1957
2812
1935
5108
9129
8072
9829
2375
9865
2646
3975
2617
9517
375
4402
2419
4743
5907
4268
7238
7023
4261
8437
9505
6833
9655
8300
6144
2499
3115
22
342
3617
1824
5862
2127
6754
3082
7313
2303
682
7449
3686
5517
1593
4442
7842
8928
2788
9825
146
2935
6100
9636
2523
1720
9224
8324
1786
5819
9329
4244
8177
2167
8574
943
5509
9344
4647
9425
5709
5524
9861
108
7290
7175
5950
3249
9802
8165
7483
9464
3826
4705
6168
2786
8360
1966
8196
7580
2807
871
3384
3363
1416
3593
5994
3967
8831
3876
5274
3407
2182
4085
8807
6111
9390
5995
2249
5553
4115
9714
5826
5609
8751
5395
3527
5828
1101
5563
4648
8246
2861
7441
4191
2957
6277
5186
86
5536
4198
188
4497
2623
9541
5291
3366
419
5141
2779
1252
6996
7221
400
5254
9545
1802
8326
436
9927
6437
6205
2943
5615
8061
7029
3567
2957
4373
3729
7013
7632
3289
9356
2822
1684
9824
2200
6419
2769
2787
3382
3025
1853
2125
720
1459
7898
526
1949
174
4315
6056
7192
1986
8919
8770
6756
4591
4497
2251
4694
9361
8135
6467
9744
5044
8213
3245
9783
3587
7879
9732
5891
8209
1999
5416
5831
7528
7853
5854
3087
3157
5436
7154
5982
9091
3940
1716
1070
3598
2572
9610
1427
7522
9580
6571
836
3023
4745
5546
2474
7618
5742
672
1133
4643
7577
6585
2517
7618
5866
8648
2155
6604
7829
9036
4057
5082
4611
9315
4981
1189
9933
1485
6133
1807
8092
946
7370
6469
3893
1353
6926
9612
8916
440
9985
8702
1347
5621
3201
158
4802
6100
8137
1455
6102
5386
5345
1611
4895
268
8893
3424
6296
685
2675
6770
5797
7906
4834
7885
7713
2704
5528
7465
5552
5816
1970
6704
7412
6711
1663
4055
215
6104
4867
8351
4778
5128
4756
237
3566
6997
5265
383
5747
9266
2355
3809
6943
4967
3143
7504
7386
2091
6618
9873
4656
5291
1700
8914
5545
9161
5922
1789
3038
7640
2356
4768
5024
947
9034
6842
5411
8577
2869
7242
859
5116
7958
5026
4026
2220
3255
502
9163
7183
3676
5215
1300
5837
839
4868
5110
9276
9181
3551
1445
4779
5984
3694
705
4949
5378
5303
4665
4010
1460
5528
1323
3611
6144
1658
7648
9760
2565
8737
7536
1600
9681
732
4845
4047
7428
9943
5264
9587
6309
560
4478
5708
457
4349
8659
7092
180
8111
2809
6129
6124
2363
6128
1005
2829
4116
6449
8237
8825
8990
503
1392
3323
6129
3207
4748
4698
3333
9158
4737
8286
2858
888
292
1442
3963
6430
7076
3904
4979
3029
2730
300
8184
1487
8175
3184
7957
6102
7851
4767
8695
7931
6405
1913
7744
2916
4219
1916
3566
3229
2101
5412
3584
3622
5028
4332
1356
3851
4129
3938
1261
8855
5245
7866
1696
6673
8868
5414
5667
7797
8853
9536
4162
9058
5895
6156
2870
9097
722
4416
5308
6169
5932
2933
5765
1780
3279
8156
6032
9989
8495
6931
7339
6526
2219
8033
4290
5232
4289
5565
4923
8842
7294
8994
5034
9555
5598
7189
3865
7612
5808
5677
2999
5679
8461
4739
6639
584
8050
451
4561
3256
2443
6847
9493
7510
4815
2372
955
3621
3017
6592
9436
7814
9725
3378
4634
2420
1032
4817
1839
8049
7509
6870
796
2485
4085
957
1747
758
614
9592
5906
1763
8259
5470
6263
8090
1020
4102
2444
2552
8787
9631
3668
928
2435
5513
6297
9632
7748
4626
8366
8948
9314
9890
5418
2748
7906
7427
9517
3907
2437
390
1465
2312
1039
7945
6763
3289
6900
8569
7626
6787
6160
3345
182
3964
3308
3665
4504
9348
5818
1949
6765
5116
9571
3438
7739
7546
9554
1387
8641
7983
6693
4639
4890
9101
6690
2258
7747
4470
5274
375
3460
9662
955
4835
2130
9075
8015
7755
1652
7373
7085
9819
2337
8743
3111
3931
4518
4513
2184
3484
7749
7615
5751
468
7065
688
9339
9761
2396
4815
5272
484
4884
3242
8350
8382
8056
8704
4817
7432
7765
9013
3240
136
539
8016
4572
5897
995
7367
9096
5621
8752
7293
9303
2089
5644
1705
8819
3356
6396
3799
3274
1298
8099
9311
1582
8621
7208
9466
7341
5617
4829
2178
1554
8007
1794
9846
437
3222
6121
3428
4256
9997
346
4424
2689
3931
2068
6522
5584
2824
1051
7161
8922
5706
425
7553
5749
58
4825
1168
5556
9999
3078
2704
7249
6141
8439
8708
8029
4107
6476
9529
2389
2918
7230
9412
3562
1503
2510
7525
801
9005
5212
1440
2257
5790
9024
5805
6387
495
7748
4241
255
4708
9018
1226
6294
4378
3788
7864
129
4891
7366
5078
6355
3053
2817
6141
2793
97
194
4469
3300
7328
3157
4758
5030
2467
5411
6147
3643
2773
9035
2267
5689
3134
8030
163
3395
7618
508
109
2554
5036
218
2095
4840
9495
4340
9108
7685
939
4973
3782
7828
3657
806
8111
3806
6239
8546
3526
9628
2051
5745
1329
6544
2647
9568
9339
23
8763
5557
3709
5667
5564
5420
5686
9641
8902
3206
5491
8023
6812
5801
9029
9521
9927
4463
4631
6136
7805
9981
8702
3315
5018
2519
4280
1231
9012
1440
1376
3420
1892
7319
6226
7050
362
4350
9371
3943
2240
6478
7322
9260
6475
2168
9567
6450
78
86
9957
9815
9794
7012
265
8172
9574
3314
9341
4134
5685
5348
8451
5046
5302
7703
9492
1576
9032
9559
2278
5853
9966
3765
443
7805
487
9477
7258
3009
1389
3150
4759
8865
3268
5177
1659
8081
2441
5942
7370
565
2397
5961
7048
2989
9406
4150
6167
3941
9575
1843
5148
7624
3397
9200
9797
2784
4864
1726
6689
2635
7781
6498
3502
7967
4486
2651
2869
9071
8966
3721
1572
7459
8963
3093
8974
5146
7768
78
5017
5318
1031
2865
4501
8111
4022
9894
5859
7031
4549
786
9327
836
3109
6188
1755
9958
2895
2343
7561
589
7327
5677
6245
9337
1050
4457
6864
4651
2392
7688
5403
592
3321
2720
1352
1706
5979
9515
4560
2191
4287
7812
4668
2945
6532
861
3472
5517
5433
1399
7704
7541
5821
9264
3584
7517
4846
5961
6437
3811
9122
1002
4896
5537
757
6466
5308
5322
5978
9665
7125
1782
6198
2387
554
9351
5360
4843
7954
6940
148
6352
6667
6613
9349
1593
2758
9578
9370
1472
2035
7390
5075
1063
7457
5286
689
4863
6285
8380
8073
7208
55
7729
6780
2435
8390
1592
5402
7009
3275
6948
258
2648
898
3443
830
8594
9202
2129
7232
8872
4188
3582
2010
6203
4452
4453
2956
7146
4908
3773
1880
6543
5581
9746
166
949
4391
6873
147
4143
3848
8651
1114
9049
8326
7199
7676
765
6215
5587
7886
8803
1342
1953
3041
9782
5039
7386
7334
8936
2126
6802
2732
3547
2428
7285
2231
7750
6027
2627
8674
1322
3315
2024
4140
1668
2335
8489
3690
8843
2514
6651
4583
8060
9231
3300
4487
1176
8789
9616
7845
5352
8975
4208
6588
4679
4849
7387
9107
5366
2553
3992
3540
7983
3666
8189
5079
9955
511
210
9327
6532
2160
3913
5961
4699
4286
3979
181
445
6332
9680
3388
1464
7742
3898
358
4427
6902
4209
5968
9807
7953
1499
481
7543
2231
3731
3656
7190
7902
8014
6811
9164
2748
1256
6082
5563
8089
2570
9550
7905
153
4743
9626
6492
9613
5037
3418
5884
7913
4361
990
8148
3779
9836
5795
7722
4016
2212
1446
4611
4361
1824
786
2007
4452
8050
8432
3367
8660
7577
3057
8737
4298
1170
4075
3825
9826
892
1517
7448
55
3896
7895
5385
1194
80
5433
665
6433
1928
5652
9095
6382
6854
3639
5931
4004
4963
1011
3102
8026
5604
1305
2010
1965
7484
8799
4437
3532
4422
1552
5061
5818
3682
3047
1965
4091
5959
4133
5478
415
6400
2685
3411
3677
3035
1442
119
1035
1482
9018
7291
8354
7415
5982
1788
9983
8664
6518
3747
3892
2367
189
3051
7345
9074
7422
2312
855
2361
9237
9804
8641
2754
1543
5540
7131
2962
9712
5192
2773
858
9938
8250
65
14
6132
7955
1726
1959
9726
1791
791
1767
1672
2414
1275
1007
6802
3509
2053
2618
1305
315
6349
4995
4060
6069
672
2190
2178
3510
2801
6024
8451
2451
7447
5822
4559
9714
4456
1706
7145
2670
8762
1347
8271
1518
9102
7304
7913
7747
1723
2560
3106
7542
8913
8313
557
9214
8583
6417
8808
944
6482
2980
1235
6386
9022
4061
9851
5283
9102
4903
6153
8632
6979
2864
1761
9852
345
2631
871
9471
3904
5516
1613
7825
1195
342
5839
896
9602
7499
6306
9656
3341
722
8593
8411
8916
4501
5301
5030
9016
4507
8514
6045
9969
6193
229
302
1318
3718
8214
1870
3816
7318
2932
6941
1768
8858
3326
8952
3687
2753
1418
6750
7259
646
3160
3498
5208
3094
8014
9457
506
3727
6652
5728
4096
9152
2931
896
8160
5112
9079
5778
6957
9199
6084
7272
5793
9206
7809
2120
984
1936
1666
6923
8408
9438
7591
2562
5470
1143
6768
2811
8494
5977
3947
247
8600
9055
1594
6254
1424
9626
4818
8277
3641
3252
5544
9507
3546
2101
6115
9961
896
9967
2233
6131
9070
7765
3838
6294
7926
4273
2362
5296
75
179
6883
7834
8699
6239
7642
8393
1072
2727
3124
9819
6379
3918
319
5803
6951
2293
1210
3065
3717
6979
4171
585
8080
8626
9024
9553
1224
6294
7608
3022
7952
4047
6912
4525
3353
6766
4475
7572
9359
7284
3630
3668
5900
1283
5988
5111
4729
1105
2909
4557
743
7289
2667
1607
7550
2551
7252
3448
1867
1455
1031
5387
2631
6276
2727
7630
2205
3105
4192
9302
9643
7084
6525
7798
6814
2082
8584
3669
8942
9672
6244
892
3790
3531
5277
6617
3697
4720
4769
4488
8118
70
1343
8508
9914
8579
5597
1757
8346
2111
3692
8277
7475
9737
9257
2511
9810
8198
6955
4024
1726
8047
7627
4405
7462
890
1531
1773
9522
5814
3437
3002
2192
9640
4671
2878
1565
3312
8049
4854
9129
3231
6232
1005
1015
2843
8039
846
2120
9598
1949
3039
9895
1966
2574
1577
1612
1314
6781
6086
4795
2105
9504
3086
7402
2400
4594
9977
4389
4643
673
4964
1940
3599
7420
3089
5240
8507
8286
26
4947
3758
3547
9929
9527
7533
3130
4741
6852
2818
1938
2414
6938
4755
2727
5636
9725
6513
4127
7859
1534
9369
4099
24
6348
4463
8920
6625
1826
4449
7943
1461
8426
7881
5837
7248
5160
7926
6155
954
4035
6404
5017
7086
5844
3815
7857
5070
8334
2283
9878
7134
1680
2783
2110
6719
7363
8877
1338
9305
9612
6694
7172
8908
6018
602
3228
5204
3937
7677
8165
558
9210
2811
6200
4270
7055
2604
5822
6193
7618
7617
4481
6611
324
3627
2903
9951
1593
8694
2296
4310
7976
4035
1668
5559
7974
8146
9531
7777
1844
8169
5930
105
5522
2795
5334
8116
2190
8314
5064
3777
9099
1206
1212
9778
5776
5203
9956
3563
7559
1156
5871
8389
4594
6948
9908
35
4625
1792
5311
1227
2233
6293
5606
2212
9112
7274
5914
6869
3619
5439
5375
5525
7271
4339
4087
7595
4203
1816
805
3153
7653
2321
2486
821
1452
8867
7857
399
8653
7246
118
9828
9727
1505
2336
2731
2440
203
5190
1367
976
5313
5564
6586
5692
3729
2684
6266
9115
3942
9359
9417
6132
7328
8073
1677
5316
6514
9311
1248
5481
8637
987
8852
6649
2566
9694
9889
7988
4229
2790
8314
3792
1603
1188
142
1586
5874
518
1371
8726
3541
3750
2488
4713
1887
2213
2365
382
5849
5554
2399
3548
1162
1554
4607
5010
27
4029
9196
7593
904
3619
1934
8656
2293
9854
2572
7075
2769
6859
1955
3351
5411
4849
1701
4370
7862
5278
2708
861
6391
1819
7952
3308
7433
4806
7827
5539
44
5782
1217
7967
9854
432
3471
8084
1032
8799
3530
1449
8262
4190
9144
5241
7301
4753
9492
8258
1814
9776
7282
5977
5726
5958
5116
1126
7960
6096
7496
292
555
6067
7782
8769
2037
8008
5007
8395
6999
8190
1690
6735
37
2122
6605
5368
4703
2801
8223
231
7005
7525
324
6539
7346
9064
9205
1682
7561
4863
1005
5978
8031
7744
2578
9751
6037
3793
8742
6568
9189
8272
7560
8106
9264
9421
1102
1570
7578
7921
2805
2612
3708
5114
4040
3134
9439
7505
7698
8778
1708
9585
286
8465
6213
4703
7635
7676
7328
7235
2365
2602
107
4768
3277
5862
4272
8541
216
4932
3519
5573
8515
7118
9969
2806
6497
2453
4563
7667
572
6
439
7561
5408
4015
733
6056
310
2860
3319
4023
1251
3941
6136
5507
6110
4737
7360
7990
1077
1656
1428
3829
6181
1035
2563
8328
8346
8221
6588
4137
7146
3126
7638
8697
6854
2514
8519
8837
1451
9021
2025
4573
96
7059
5841
7594
9052
7689
2074
6418
549
9227
8753
9966
616
8427
5798
2407
8406
6881
3236
9067
9697
4599
892
2557
4704
7836
8374
3409
5404
8994
7532
6125
840
3319
7743
7240
8160
1404
7783
5112
1701
7140
8481
2969
5882
8755
9150
5089
8327
5924
4619
5016
5255
6848
5388
9978
323
1121
18
2651
1702
8503
2530
9468
8567
2535
9958
8560
819
6375
8170
5408
8304
3665
6833
728
9047
5339
1631
1967
8840
8097
4826
9030
1693
6836
1181
9770
7316
5056
7402
8455
5054
3747
4954
4839
9677
8908
7341
2528
2286
7309
1157
2954
2861
4803
5237
2609
6016
7112
2323
1928
7991
831
6677
715
861
9089
5097
9323
1023
7199
9883
6712
4292
8055
6956
4758
3080
2220
7661
9741
2216
5683
5207
2377
581
6490
19
939
565
59
1988
8715
5283
9583
747
3396
9389
1284
844
2185
9727
5414
2095
7637
9289
2519
2908
4959
4745
9134
3579
9827
7079
6716
421
2450
1351
3279
3366
1700
4045
5577
7060
4119
2653
5971
7368
7714
7526
8430
3980
7522
1541
9938
9563
9221
7488
5879
7032
4967
9611
1343
1907
3043
8504
4483
2855
1713
7422
2553
9060
2152
2381
2713
5638
7975
5184
7736
7856
5405
5251
7702
5535
6882
791
3991
6050
9172
7151
8776
255
6819
4202
763
7569
3034
858
5930
6407
8405
7134
2966
1601
2602
1486
4227
3379
6697
2159
2667
4939
2940
3328
4822
7714
9709
1367
6267
1130
3055
4963
9828
4640
3898
1725
965
2431
2239
1572
1321
5417
9860
2571
8531
2661
5399
5999
6159
7120
9619
200
2599
8488
4297
6879
5047
4346
5475
8784
5967
231
2121
9837
2181
8627
492
562
478
6249
9411
3009
1415
4162
7197
4624
8221
1366
8051
7794
7301
927
1987
6592
4868
3090
7466
2771
4627
6787
9204
2374
2604
3864
8062
8573
9896
7970
1268
222
6133
5063
5
9743
4006
5255
8623
7388
4503
7696
161
5627
5232
7817
6118
3974
6205
3629
750
4163
6368
350
7364
5935
4262
3460
5061
2405
9088
8143
33
274
5093
1882
9218
4259
3211
1186
7206
2623
9115
8410
6028
2945
8175
2963
5465
9901
9202
9020
3173
8838
1789
1289
5520
4166
9482
8876
3599
2017
6834
1267
5532
8129
6770
1297
4580
3185
5255
827
7998
7367
8661
2447
8754
2624
2599
4341
6215
3012
1432
7218
3525
8260
4540
1124
7133
4559
7081
2304
9156
8600
8636
2027
4421
9275
4662
6493
155
8476
9292
8216
3724
5923
941
1910
2227
6915
9239
9125
565
7004
4703
88
3058
5926
1789
5313
7465
1342
8508
4599
9973
552
6061
4027
194
3170
5639
5689
1893
216
682
3756
94
1580
5431
3699
1088
2571
5545
1581
8949
7731
4507
6671
3674
1098
2715
7556
8985
6142
3440
8716
8741
6075
3969
6836
3612
4750
3032
6317
1714
5578
7044
7574
7703
7415
6680
8906
683
7551
6937
8894
6221
9134
3967
1932
7693
2518
4581
650
3081
4958
511
2305
8618
2960
2238
8002
190
9781
4792
3422
7170
5443
4774
711
2262
3311
1135
7072
6675
4324
5748
5579
6995
2319
8766
7057
5397
8128
991
2957
1137
8661
562
4808
1753
2607
6185
9005
4245
7277
1362
1654
5476
3507
1188
5480
2572
7896
76
8307
708
2824
8981
6756
5435
3309
2783
5323
2711
9780
1834
3414
5385
661
1935
8154
8977
7726
3292
1663
1406
6596
2062
7545
6348
6612
4611
2547
7311
4679
9578
4588
9573
8404
2329
8467
2171
7966
1548
3424
5846
3886
4611
3946
969
7498
9578
207
589
8226
1972
8141
1899
8462
2810
3909
213
8430
8795
9759
3902
6522
3148
594
1981
1032
9407
134
7739
9184
6900
6634
4329
3532
2018
9563
9398
7473
1806
6750
7139
4518
9724
2084
4218
1798
9556
1281
2940
8216
5983
2038
3268
65
5710
2338
5189
4869
7859
4151
5711
8733
2334
5470
8227
5412
3212
7264
461
8914
571
4251
7509
7244
6799
9626
9878
3089
1288
6152
2283
7834
5739
4198
3704
4185
6894
3567
5940
9106
6538
1487
9412
9685
5512
3859
5514
7200
9184
9274
6452
94
6738
9121
7287
2675
1177
8240
480
5450
5184
691
2347
8812
9884
8179
822
4338
7878
2884
2879
2281
359
2065
8203
2917
3808
763
9824
9667
8103
9441
6657
1129
9385
1655
8820
2832
7941
6535
4452
1428
8991
6150
7800
3761
4903
3629
8702
1067
290
6459
1580
7819
5580
8647
598
1746
5232
1733
9534
8683
309
5842
1553
7228
2749
7280
7191
3198
6204
834
9115
6428
5901
1360
7074
1368
9203
5524
2650
9695
5405
1633
1948
6708
4580
5468
3159
4346
9235
8863
8947
5659
5380
6257
3855
2333
5986
1274
8281
7892
1065
8575
2025
7372
4245
2675
9471
4412
1476
9139
4936
7784
7393
4981
2040
8330
7078
206
2428
9117
2468
7402
644
5790
2077
1038
1710
6922
8375
5724
145
9964
2164
5345
5556
8538
4686
6864
9003
1966
3714
9068
3569
3200
3299
6542
8396
8135
6681
223
5946
4868
1938
6822
9150
3724
8693
1660
7683
4923
759
361
2225
7172
4849
3818
8691
9746
1199
6512
44
7336
1922
9962
3431
2263
9374
7781
5215
6379
2313
6904
1151
2757
2539
8682
5022
1513
3053
6294
9564
1988
6164
2103
8499
3844
225
5825
9375
2423
4985
3483
245
273
1452
3361
3592
4554
9189
4120
1143
9391
7546
3096
6850
6040
4063
6383
4244
6850
8764
2318
765
1723
8581
9431
669
6842
6340
1088
7729
6689
1192
3247
9343
9811
1581
9293
6383
3543
2972
5036
9944
3527
2032
4897
7719
3051
4799
4462
9526
566
3412
2819
3416
8453
4417
1228
3014
730
6765
6193
8240
6959
1039
1035
5864
6378
6255
6102
627
345
7797
9935
2913
9624
1101
1550
637
9400
8021
6498
9763
4548
9885
6972
8528
4667
8537
3300
8558
7639
4068
8157
2805
4279
8626
8138
5837
7561
9765
5659
382
1694
7763
6623
1866
4492
1287
7827
6143
7044
300
9419
6593
7109
365
8665
3599
6732
1060
8120
3656
5727
6093
3467
2614
8173
8838
6529
6138
2205
9926
1705
2761
2900
2853
8869
3150
3963
863
6186
3437
1192
4529
2634
9276
4291
1041
400
7898
5639
2404
8820
2760
2375
7118
1165
1363
9164
127
3473
422
3660
9532
7009
2273
5248
5134
6735
2799
4512
2954
4185
7067
7749
9109
8550
5739
9654
7180
4616
330
1459
8552
2525
4953
2623
2641
6279
6850
7072
1533
7107
4382
563
7780
1889
5060
4313
8065
2157
9686
2536
6830
1301
1420
5512
795
4330
1791
8353
4766
5
1893
2475
2338
7555
1492
2499
2074
4838
987
368
3725
1156
1676
6331
1067
5252
4865
2144
8077
3064
2410
3749
7912
3562
6520
9573
1273
2141
344
1934
2577
896
5396
7455
8466
1744
329
8413
3615
958
7795
3066
2383
6178
4562
8714
6358
4338
4318
601
9183
8263
9392
6976
4813
9717
9448
920
9562
1809
8699
9810
540
5013
2581
5986
2946
1106
1141
5505
3356
344
2022
7281
3675
5408
2663
5251
4717
7414
2800
5752
7576
4692
7273
3976
2926
7958
7877
7063
1313
98
775
7978
479
1538
1713
1716
10
8332
581
297
476
1422
5017
9776
845
1023
8441
4398
1111
6179
5008
4973
7284
2567
448
8538
8053
8325
7110
8026
2950
5281
6324
4379
8192
8108
8747
1184
8128
7284
6001
938
14
4271
7820
5816
3003
3561
6202
6499
8697
6994
7314
2293
4619
9587
95
5170
5559
7327
3574
5948
3434
4479
7741
8180
607
3848
6479
3955
1016
6000
9279
2454
5882
2687
8013
6929
7708
1645
7275
4290
3648
9896
1239
5348
8001
2233
4416
7025
8092
5458
3519
9292
5049
5856
4428
9129
1787
6873
7802
3926
6506
4415
4835
2551
9753
1550
5581
9460
3919
2895
7870
6956
1436
8414
1884
4304
2623
4444
6132
5986
8025
4421
1252
736
6290
2712
6462
535
3151
7227
8349
2155
2928
9055
1495
76
7901
6036
137
2985
1098
6602
2838
8064
7341
5129
4221
927
2483
5971
5989
7771
5277
580
1778
1021
5730
7741
6816
327
9365
7034
253
4309
4809
8648
7685
7372
3514
9106
728
3188
8844
2845
200
6425
2812
1276
5445
2992
4817
2476
6088
7118
8525
1724
7620
2366
9077
644
961
796
5721
1438
9562
5687
5094
8801
7216
2361
6882
1171
1121
1833
8354
2500
1263
5908
4416
8239
4519
9288
7440
8426
7299
460
1025
5310
9791
7172
1421
5215
5407
5250
136
6971
8777
8155
9473
4812
2602
7874
2525
8733
4544
3636
3089
7847
1514
3919
5850
8634
8586
390
4068
7939
3399
6507
5225
5812
7535
2407
3530
4926
4375
9478
9465
2987
9919
1087
818
5675
3866
9607
2948
5223
4347
3586
8562
2459
6594
4490
3685
4060
9211
9394
6686
842
3353
945
8746
3438
6002
2938
3939
7763
2556
1994
6796
7567
4377
446
18
2448
1041
1097
6679
1054
6093
9452
888
5260
1778
3546
8158
6881
7420
3470
7099
979
9081
4183
6943
7386
3501
2962
5555
513
2923
8906
9753
9154
6395
7288
5775
7671
4229
9178
2538
6600
4594
7505
4764
9310
1209
3950
8580
8080
6404
3653
1821
3487
9349
8679
1657
5974
1685
2781
6126
1805
3326
3107
243
2974
6393
2442
8571
7129
7858
4740
9490
7611
768
9986
5262
1028
8116
9447
8447
3697
6222
2887
1495
7799
2911
4032
4816
8773
788
1705
8010
7822
6135
6430
9136
2459
7146
457
6979
3778
1673
9333
7256
9687
1428
3727
818
1090
3202
2503
8274
6176
7458
3370
2891
8928
5255
6962
2022
3703
847
3916
9637
4870
1149
540
2456
3775
5770
3317
2305
9640
5499
7259
1837
3482
7900
3191
8124
6864
1981
4658
4824
5068
3554
555
9357
1008
8112
5286
6529
4270
8980
2298
2274
3490
6466
1336
185
2890
5814
4560
8282
8688
2930
1030
1194
3590
6382
4929
2364
3662
4431
2732
9727
7499
7099
8120
3979
1937
699
8721
9840
9407
7002
3430
7495
9241
3391
4766
797
6372
6435
4234
1256
1939
15
8081
1046
501
6208
8358
8871
7697
400
649
845
1534
295
145
2344
6815
9922
2671
7155
1087
1773
9938
5494
5082
8291
4750
1445
1022
6309
565
1295
8319
8251
6903
1557
6741
7959
3219
3825
5011
7389
6632
5047
2372
6940
1336
8589
5192
260
6231
5064
7125
5881
175
7204
6469
142
6547
1878
1764
172
1077
5910
1354
1522
8504
6397
5243
7033
3663
6407
772
9577
7419
4882
6430
251
7765
6055
6458
7812
759
5658
9381
5754
3441
8851
4934
3606
9308
2279
1983
9259
9773
4458
498
6922
6385
8809
2842
4322
2666
3046
6601
1579
1858
4758
4577
5393
5497
8902
2772
493
9775
9707
4415
3436
7550
1251
7736
9113
8619
5178
4329
2974
3715
6986
8898
1801
7427
5524
2422
1493
6356
3042
506
4741
9013
5117
2352
4638
7877
2093
8467
4480
4070
4639
4863
7863
8493
1123
2646
7779
3763
2571
6954
7043
5897
8753
4771
1005
5666
3202
1980
1393
4921
5793
5934
2706
9656
6521
629
9136
64
3969
259
5163
933
1000
848
4706
4363
7880
8356
1362
8598
6067
818
5491
1472
1470
6893
9501
1450
2464
8066
1592
4790
2305
4289
6896
1811
7909
1090
6013
5059
5393
8996
2701
7513
2777
5864
9047
1718
4841
8093
1124
444
7750
3129
435
1433
21
4988
7093
134
7041
4483
1856
9978
285
6252
4961
4176
1593
3981
6825
2319
2156
4209
9121
5154
9147
8252
5249
6755
5514
3964
6935
9931
8078
3116
5953
3763
4946
5625
2644
8453
3339
2259
2985
9702
3219
5033
8048
2727
4264
7308
8200
5515
2303
9018
2241
2965
4392
2519
5298
4007
5373
108
3317
2530
5454
2497
7567
8810
3329
5567
4555
6279
4964
6151
1083
2490
4102
7367
2065
9093
994
2954
9633
334
6770
2299
6018
8034
3088
3252
5876
1459
4244
8156
7510
5669
565
3405
1837
2400
3448
4599
8352
1228
3960
7121
8178
3023
6824
9393
849
5679
9826
7323
3661
4501
385
3793
5806
4377
7493
3379
31
9495
5147
3749
8864
1050
4968
9626
635
2288
8802
2937
3887
6433
1535
6560
5680
7665
2129
8495
2069
8985
7392
7610
2568
9305
8731
8171
523
910
6295
8947
7438
7339
9959
8149
1958
368
9070
6320
555
5635
7425
9741
10
8295
752
2465
5968
9272
7969
3262
7020
7351
3263
8315
6681
8440
5265
1793
4572
5607
7110
6029
9297
1977
9487
4222
6016
4227
5275
4882
9405
5453
9036
1444
3051
4996
2102
5825
8287
9312
235
1376
4901
3100
225
4109
1915
7648
8361
4719
5684
2244
3693
8442
4873
3554
3244
7797
4438
5578
8984
4636
8065
1593
4177
6212
2948
618
678
8502
9155
2815
5718
7018
3601
7448
5870
3569
2960
6514
2555
421
7599
6030
4966
3432
9924
1326
2262
593
111
2857
8525
8365
3956
2737
7693
7656
187
7454
9158
9457
6616
7975
3727
2786
3532
318
3665
2246
3010
7724
346
165
5179
1693
5847
7217
8721
8688
6536
7498
3080
2161
9570
7043
9688
457
9793
58
3038
6640
7203
6095
1007
2726
8264
3208
1210
5018
2120
6296
6
2469
1721
8086
8696
5684
7683
7918
9607
581
2581
6131
9184
1733
2269
4432
6678
6179
8734
7577
6544
3365
1899
5754
8
3614
3448
2818
8243
285
9424
5698
9576
124
6211
4719
4089
5205
6920
7087
2255
6100
4853
2378
223
8404
2421
149
6050
9320
4334
1930
6419
6770
7010
2128
8523
1532
2660
7426
9461
8860
6968
6774
5275
9988
2578
7468
5257
8488
3101
9668
2204
2288
3774
6179
1185
1397
8063
2650
380
2199
1708
1812
3142
5708
3784
6435
6969
7023
6301
1576
1487
3250
6991
7910
7345
48
9655
4358
8577
2748
5498
9533
4564
6278
2022
5724
3408
8650
8121
4913
7174
3100
9632
7967
2229
6319
3197
409
2279
6344
1210
2358
1048
1527
8159
9417
2643
8415
7747
5061
163
8581
440
5455
2268
9402
3717
8257
7583
8764
385
6739
1070
5584
2434
917
625
6274
7434
6480
4499
1458
7236
8666
8724
1736
4944
8766
2737
8700
105
5953
2117
1372
8492
116
2191
8473
9445
7360
4032
1088
2446
3942
832
124
4115
8789
6782
1252
3655
139
7479
1673
1466
8898
8038
7622
405
8471
8065
2786
1283
9572
6736
8026
656
9987
4217
6652
6429
3761
8457
9668
1003
7953
6841
5332
5138
8254
2768
7220
3820
7842
9630
9027
7205
3636
6703
4580
4454
9133
4967
5990
10
2753
7863
8432
6669
9293
8484
9702
640
123
8375
9972
7458
6772
1306
9532
1328
9841
9084
8038
3463
4853
8902
5591
403
4742
2018
5950
654
8764
826
1430
8650
9857
4637
5363
6516
564
4883
23
531
2195
7257
2371
8925
5861
5093
584
9113
5239
3195
8533
6536
9166
2799
136
9706
28
8082
6800
9434
8995
4714
1510
9482
9222
6507
2033
3594
4682
7452
1975
4322
6245
7759
4816
9076
4685
3887
9790
3973
1997
6357
7688
5111
8831
1655
9921
2069
5430
2967
9896
8386
9044
11
7486
1632
7262
4810
1742
9793
86
6672
8307
9588
2844
5437
7251
8200
7972
3060
7629
2534
6378
5814
8637
585
124
8267
3674
6267
8004
9533
9985
4742
7317
7058
2707
6501
3428
7883
5226
6422
7643
1016
2880
8284
9863
7918
5042
43
6520
3847
493
386
5532
8573
1221
5721
8119
9455
8498
9474
5922
7834
8832
5424
5278
1832
8944
596
7847
5996
5393
1378
3575
8447
3207
8737
7519
6205
6759
1133
7852
3030
9416
4772
167
9740
2756
4947
7618
4523
9196
6298
4752
1650
948
4765
2112
6112
2892
8861
8771
2537
7923
4562
6957
2074
703
1776
8653
8121
2849
5148
2999
4439
7025
4151
2723
2348
6388
1812
6892
6525
6520
1702
9171
7614
4609
297
1736
7000
354
6196
5166
4305
8493
8551
2391
6844
3281
4973
6064
3524
3934
3742
4007
6740
8071
930
7131
3008
4068
7423
9079
9479
341
5156
4914
2108
8107
7546
7135
2173
686
8278
5102
627
8196
2944
8204
2389
8729
2393
1786
7987
377
3761
349
9779
128
2435
9196
1135
4449
4245
5372
2698
8401
9785
1074
4534
2743
3010
2341
8463
8949
573
5011
8423
4817
95
8524
8391
6797
23
7189
4682
3598
7983
7315
5392
1122
404
432
9158
32
4958
1728
1288
1759
4874
6155
9239
7696
9611
1732
3275
8932
6210
4465
6747
1030
5877
6698
4485
337
6886
2183
9573
4241
990
5549
1972
8965
1814
3501
4980
7497
5996
1804
1161
2651
2665
4384
6448
817
5805
791
8935
6871
8546
6391
2181
7932
248
8067
893
1113
6279
8173
6512
9101
6521
8630
5768
2453
4880
8950
2083
9310
2328
4968
2082
157
2550
1339
1995
1540
9076
4786
7880
9237
3406
5889
6430
8971
7975
4226
5514
8625
8724
4320
3908
6800
9533
4326
8085
7545
3499
4753
2997
3956
6390
3150
965
9710
8814
2728
7473
307
9467
2146
4309
4513
7612
9384
3707
6167
4170
802
6331
7054
1479
4613
5031
7323
5312
3111
8329
5726
7424
1456
5512
3302
7814
6807
3469
1381
1035
5515
830
5540
8684
2911
2257
2109
1673
9186
2874
2424
8749
3524
9589
9913
6207
5122
8502
8619
673
9422
4197
4550
5906
1034
3118
1133
8343
9249
2777
7762
562
1730
8889
3564
1259
1496
2427
4552
7643
5461
4983
5325
32
5997
3742
3700
1732
134
4307
9826
2327
937
7012
9677
8601
5845
6911
4072
2202
3669
7474
6325
5554
8928
913
9701
504
5389
8666
1167
4204
5883
6414
4389
525
8759
2807
4588
2532
7642
4356
8511
7464
9989
4327
1299
4704
5910
6177
866
5468
3606
410
1558
6229
9701
3330
7878
6687
9159
3985
475
1281
5589
3271
3032
7679
7874
7102
6041
4453
4854
4924
2806
4392
9607
4430
1975
1609
2681
2189
4151
9118
1888
5667
9932
7790
1931
8721
5830
4159
8704
3490
3999
932
7026
944
3060
2600
1209
8814
8943
1066
5371
4977
911
3279
2833
8355
1166
8219
631
2930
8036
6650
7163
2800
3260
7342
7466
1774
2351
6169
1809
6004
2443
4739
4027
5052
8313
1220
9097
4064
9383
7641
5145
4398
3768
7601
1600
6196
7908
8044
2091
668
9421
6012
9842
2400
6249
3260
4999
9269
6277
6398
2904
7586
934
714
6730
7473
5126
9320
309
2810
7194
1457
1835
2
1851
8881
9652
6305
5901
2523
4693
7670
4184
6712
4017
5979
8042
1458
4617
8314
4021
7813
6280
7863
1908
3381
7303
8915
5014
1859
4810
9770
9007
541
3681
6674
7812
3846
102
2662
1135
8267
5332
3099
4750
8121
6316
9384
4277
6840
7351
9303
5641
7390
3290
3897
3937
9021
592
6903
6538
8873
3993
3678
6922
5387
4510
4398
8971
3912
3434
3340
3203
1564
8345
8908
9990
4812
2568
1330
4914
4554
1893
9707
8512
1642
9042
1750
2047
7933
4187
6972
964
4691
5527
9219
5229
718
2832
9845
2133
2738
7080
9612
7838
6043
1065
6289
5988
6053
5565
2476
4084
2677
2865
1646
6155
1979
4533
9843
2537
8481
1224
7391
3245
3069
9379
5027
6000
7440
1085
1003
8958
216
6530
8828
8102
81
9717
3024
683
5826
5824
638
6313
2364
2609
9633
9184
7118
2465
8246
9849
9481
3533
5756
9097
2745
5706
2738
4382
9004
9623
6678
5203
2429
7462
3279
8584
5701
9160
7696
4685
2022
2531
8399
7350
8729
5711
4749
7295
1782
6289
5159
3476
434
407
3904
7995
4391
8531
5066
1622
5412
6794
2697
6518
8989
3610
1924
7766
4886
9716
7381
1354
351
4971
5280
9706
7776
3469
1777
6368
2066
5521
7033
522
8943
8812
8528
3378
1700
9396
6452
5245
3960
7529
6780
5306
6193
8003
4456
3631
1801
9198
8742
3181
8217
8195
3167
1226
1298
2046
5763
6322
1884
3746
6763
9946
7717
3088
6055
8575
2981
92
3119
4354
4536
3185
233
9334
5262
1068
6103
2118
4331
476
5339
3664
5859
9985
5902
3832
9336
1542
45
2549
6110
150
8464
261
7286
8346
6417
2663
6009
7114
511
2024
3852
3963
9671
3618
4473
7676
4948
743
1367
6574
8920
8938
7546
5440
7819
6749
1811
4839
827
4879
2586
7743
7409
5331
7823
5119
420
5543
6940
1411
2012
3723
1495
4488
3254
7057
4380
444
773
9798
5584
9117
9104
2889
948
1475
2216
7078
1087
3882
9876
8171
13
9095
4275
1709
2621
3435
9975
4103
8204
8853
5530
207
1301
1685
8589
8012
4065
3895
4682
4094
2786
4825
2251
2965
7445
9419
9378
4050
7230
7495
3880
9051
8084
7342
9038
7766
627
1976
1453
7931
5392
1109
5524
4507
4832
8666
5624
9707
3795
4509
7223
1497
9386
5025
5023
9456
4792
8114
997
4661
3260
5051
6872
9759
6431
645
2425
9886
9656
9076
6941
6103
2170
3197
6132
8918
6139
63
3855
9937
920
860
1353
285
4325
5560
4142
1219
3754
4671
5211
6437
9462
1
277
318
6683
5312
8222
7718
4427
9621
5105
7203
1935
8923
1097
16
7058
2785
5681
8157
8771
9814
6797
6925
1424
9987
2215
4508
67
2408
6047
925
2689
6975
7816
3529
1226
5841
9059
9287
9974
7497
699
4697
8472
7904
9238
6064
3552
9806
6199
7249
7956
2303
8450
6015
3890
1627
2255
6679
1341
9280
2177
6395
5427
5535
8059
1467
5766
8439
8735
3576
8394
1315
9062
438
9534
9718
9699
9347
5158
5091
4091
6146
2814
137
7876
8725
9249
1190
3066
6966
1258
425
1490
1407
9020
9028
1565
1595
7528
3656
8309
9099
1302
8495
5951
689
4494
171
2887
5867
4463
2784
6546
4645
7616
9866
7969
1343
4670
5833
2907
3140
3612
2803
7559
1579
915
2091
6232
5294
9673
7572
5895
8697
6824
3354
2887
549
7575
4509
414
3664
5656
8466
1098
8204
1904
2039
5317
2009
969
9107
495
5061
6375
9303
7404
4011
6707
6129
