41	1	18
17	32	11
26	26	32
22	35	17
38	29	4
34	19	22
14	17	18
16	37	10
2	49	3
26	40	49
14	31	25
1	33	11
30	39	6
44	1	45
9	19	48
16	40	22
35	19	27
18	36	27
13	27	36
28	23	31
22	45	48
50	26	39
36	41	23
35	40	6
9	16	37
19	11	4
28	47	50
13	24	29
5	27	48
34	45	34
47	25	12
15	47	39
28	43	20
18	48	19
43	37	46
27	41	6
34	21	6
50	42	38
3	36	20
16	30	47
49	2	22
44	8	13
15	11	39
12	34	19
13	42	34
36	37	21
33	16	34
37	10	25
7	4	47
9	11	39
11	35	46
49	49	50
48	17	32
29	13	17
3	16	16
1	10	27
33	15	3
23	12	9
46	44	5
7	33	10
18	11	43
22	22	1
2	7	4
1	25	19
36	25	36
48	12	16
33	29	40
21	46	33
5	9	27
33	8	7
23	11	4
5	46	45
11	13	8
23	28	35
26	49	21
39	9	44
28	11	3
18	29	11
36	23	19
39	27	45
30	37	25
5	42	10
31	14	38
45	39	2
35	28	36
19	12	27
43	18	4
50	2	27
24	32	5
40	12	1
22	40	45
49	35	41
37	7	21
41	28	29
49	43	2
3	50	43
3	31	50
46	29	19
10	6	40
47	24	19
21	17	49
40	8	39
15	49	28
14	34	30
4	30	39
48	7	43
34	28	37
36	34	25
33	21	24
47	40	25
36	21	48
30	20	31
9	30	22
7	23	3
20	2	19
27	25	13
22	16	44
4	1	22
9	32	37
30	43	39
22	5	20
10	26	38
40	39	42
23	20	17
14	5	49
7	35	13
23	39	10
24	4	19
14	39	15
32	4	32
23	48	12
7	17	20
13	31	24
17	25	5
21	40	9
19	27	27
27	49	42
49	38	22
28	33	10
6	35	11
8	35	24
41	28	30
14	25	7
25	31	38
18	37	27
5	2	49
6	7	33
37	12	5
23	35	36
40	23	48
33	11	41
39	42	26
47	4	39
28	10	46
32	43	49
41	8	5
36	4	48
5	22	29
22	30	41
10	36	33
45	15	24
8	7	2
26	18	6
1	49	6
12	45	20
50	15	30
2	44	23
6	46	50
8	17	25
16	48	23
32	24	30
31	32	33
17	3	23
32	43	44
14	24	11
7	2	49
5	34	16
42	6	34
33	45	40
50	6	49
44	49	20
26	22	32
2	12	46
46	40	8
25	18	21
13	27	25
42	18	45
25	45	30
1	29	24
13	10	11
25	10	24
37	49	3
10	47	13
18	22	16
14	18	28
15	14	48
19	10	31
9	50	21
20	30	20
42	41	5
28	9	50
22	17	32
19	25	1
6	33	25
1	18	33
39	40	32
37	38	44
11	16	19
42	46	6
14	34	3
38	7	41
40	31	48
43	35	35
36	46	38
4	10	9
27	3	4
11	7	12
36	32	48
39	35	5
3	43	19
6	28	21
38	20	29
25	40	3
18	39	31
29	15	4
4	6	25
4	33	49
28	37	4
19	39	28
41	5	48
48	30	3
17	46	50
25	28	22
40	5	14
12	13	7
47	18	32
26	9	3
41	23	6
43	19	17
49	46	2
8	18	11
14	1	10
42	25	15
5	50	6
30	10	2
50	36	37
17	29	33
19	50	45
14	32	9
4	47	31
46	35	37
3	11	24
17	17	24
14	6	39
36	11	28
47	23	14
1	44	41
13	29	26
4	16	20
14	41	7
38	40	26
46	41	3
39	12	26
33	30	5
48	24	44
11	34	29
10	26	34
13	7	5
20	36	37
35	24	2
34	45	1
1	4	1
30	45	49
9	37	44
34	7	28
11	46	15
16	7	7
41	5	11
24	37	27
8	25	20
24	35	15
22	20	43
10	22	9
36	44	42
29	35	40
34	27	25
44	12	35
41	13	46
30	11	48
42	46	36
8	26	37
7	33	50
3	18	47
36	10	50
39	20	44
35	4	33
6	32	28
28	17	2
24	49	21
28	8	42
11	48	34
27	28	50
32	28	21
29	28	32
37	25	5
41	7	1
8	32	34
23	47	43
34	30	24
15	32	22
20	9	29
40	15	20
48	38	20
10	48	3
11	22	2
44	36	13
24	10	35
41	18	34
34	23	29
43	23	10
44	31	34
50	5	26
47	35	2
30	15	4
34	10	37
4	43	45
12	11	23
29	21	18
48	7	44
32	11	30
25	14	3
13	22	7
49	8	13
29	2	29
31	26	38
25	36	13
47	15	20
24	41	13
31	3	23
34	36	27
41	41	10
6	33	8
36	10	35
23	46	12
49	15	42
5	25	25
11	10	9
27	46	26
30	40	10
45	39	17
31	39	4
20	33	28
42	9	42
32	23	44
47	44	3
5	9	11
1	46	29
30	5	47
16	12	1
25	47	38
40	7	2
49	28	32
36	48	48
20	48	3
18	39	20
3	24	29
41	10	4
21	41	19
22	2	47
50	2	21
13	7	21
21	24	15
47	26	33
20	14	43
38	8	29
20	23	17
30	5	30
40	6	6
29	50	33
30	13	1
22	28	10
49	21	13
33	12	8
15	41	6
36	24	33
25	32	14
8	40	5
37	28	32
48	28	27
24	36	18
41	20	46
43	18	19
48	32	14
16	20	32
47	37	21
33	16	2
34	48	34
41	40	36
13	4	19
38	21	48
21	7	42
47	23	34
24	40	11
4	13	9
24	2	19
1	14	13
7	39	46
45	8	31
39	17	13
46	29	1
31	30	38
24	9	44
39	26	25
38	28	7
42	30	1
50	38	3
18	33	28
44	19	33
17	42	44
6	5	13
38	4	43
38	36	36
11	27	9
24	21	8
44	31	20
19	39	24
39	32	14
47	40	14
15	48	30
1	26	43
20	27	25
24	6	9
24	41	43
19	28	22
12	4	38
26	45	9
7	33	31
25	10	8
21	18	26
50	40	44
6	20	47
16	36	30
12	22	47
2	41	25
11	31	34
13	45	24
33	28	38
14	43	39
31	19	16
21	14	39
15	14	24
21	23	20
4	26	36
32	17	21
8	49	9
44	36	2
6	36	1
36	39	47
38	23	45
14	40	46
8	17	34
17	5	34
46	46	8
46	27	30
3	19	45
11	46	34
43	18	8
50	18	26
39	24	2
14	50	20
7	42	3
3	21	23
36	40	12
1	5	27
50	28	36
42	16	13
47	47	18
2	42	9
48	42	15
16	46	18
46	17	19
24	19	6
32	13	7
33	38	43
29	21	21
34	24	47
25	42	28
26	12	16
5	29	48
44	8	31
28	47	1
1	24	21
23	46	18
37	41	35
18	7	3
21	18	18
48	36	33
1	23	36
50	10	48
2	1	46
8	8	41
29	43	28
40	22	44
35	49	38
18	22	1
24	41	39
24	8	43
2	23	14
6	38	30
26	44	50
8	50	46
2	6	8
13	48	15
8	50	49
13	16	33
47	36	7
40	33	17
40	22	33
28	19	18
17	12	7
33	45	23
33	17	42
13	4	7
33	12	33
9	27	18
7	14	8
12	12	2
32	10	45
14	40	24
40	25	34
43	45	2
22	23	19
10	22	42
13	30	40
31	22	5
4	14	17
11	17	25
44	26	38
31	19	2
5	40	18
2	18	20
39	22	8
10	36	40
36	24	19
49	23	42
42	29	11
30	46	1
34	19	39
24	7	36
28	14	37
34	47	30
47	22	9
30	8	42
50	1	40
9	34	43
47	21	26
34	2	3
13	22	25
22	25	2
30	30	7
6	16	20
14	28	40
38	12	41
36	44	18
23	25	24
35	2	30
50	7	19
38	12	17
41	50	21
15	26	41
38	46	14
35	41	49
48	50	2
48	43	17
47	13	34
15	48	24
37	23	38
37	4	16
49	37	23
18	30	13
27	34	33
33	26	32
7	11	22
22	12	24
11	44	1
23	13	5
45	27	11
5	11	38
12	9	44
45	46	34
32	38	32
42	37	11
25	22	13
13	27	46
24	31	16
27	12	11
7	38	36
19	14	35
43	29	46
43	6	49
21	2	29
24	5	46
30	46	29
27	5	24
5	30	37
5	3	32
39	4	33
22	38	14
40	39	7
10	35	43
43	48	7
4	6	29
32	17	43
10	33	36
14	26	28
20	16	41
24	27	15
40	42	33
1	29	12
31	30	18
6	43	19
41	24	5
10	43	44
49	32	2
4	6	48
22	21	21
5	37	34
26	30	39
14	8	40
45	3	17
35	18	9
1	16	49
10	30	37
21	35	6
44	49	23
19	28	41
27	38	16
12	22	8
42	42	48
46	42	29
43	13	22
20	26	36
5	9	49
10	11	33
34	28	23
45	49	43
47	6	12
22	30	28
28	32	35
22	13	40
9	22	1
22	19	1
42	33	39
3	24	27
45	5	32
38	41	45
49	41	49
27	13	30
8	43	50
17	14	15
28	22	12
12	22	10
27	42	39
15	38	12
44	34	2
38	28	47
23	29	28
1	41	38
22	22	3
22	32	26
28	47	11
5	26	9
31	40	28
35	7	30
18	41	49
26	33	44
9	10	47
35	48	30
43	24	11
25	42	39
42	5	9
39	18	45
1	20	44
39	28	31
49	44	41
15	27	19
16	5	34
35	22	41
26	4	16
44	28	25
29	21	35
26	20	34
5	8	18
22	48	47
47	19	32
20	36	17
48	47	38
27	17	23
38	28	46
16	41	40
35	10	14
11	30	31
3	16	18
12	2	9
43	28	21
2	6	38
43	2	27
46	20	23
42	13	34
27	48	12
24	33	15
5	32	31
25	29	30
35	43	39
23	1	23
46	17	18
43	16	12
21	13	13
5	38	9
45	18	8
13	32	24
22	7	44
38	45	29
2	13	35
28	6	26
26	38	7
14	19	25
40	23	14
28	28	24
35	29	3
30	34	19
11	39	8
35	22	24
43	24	11
7	11	48
31	21	17
4	26	36
13	26	26
38	19	22
5	38	18
40	21	3
28	30	39
45	4	12
14	14	4
30	31	1
17	25	30
16	11	38
35	46	8
20	46	39
22	28	40
23	15	21
19	12	29
34	44	20
17	49	20
18	50	50
1	2	36
34	26	11
40	29	42
30	16	44
2	2	40
24	41	30
33	32	1
10	22	44
13	37	3
17	42	37
32	38	23
7	36	38
31	7	29
3	45	20
45	19	18
15	40	33
32	47	19
1	3	10
30	47	49
30	35	49
47	36	46
30	49	25
16	31	50
42	36	36
39	27	50
46	4	44
41	6	50
18	7	7
44	29	41
26	8	15
16	31	39
28	36	17
13	48	42
31	19	28
43	6	39
49	28	47
49	27	25
13	10	12
36	41	4
29	18	32
1	11	31
46	13	50
37	5	33
16	45	36
11	13	21
37	7	29
4	22	10
50	24	20
2	25	28
20	36	19
26	37	32
24	16	46
21	48	33
16	10	42
39	40	48
10	11	16
4	41	26
3	16	20
10	47	42
32	50	10
20	16	22
14	2	26
49	20	27
10	32	27
17	45	3
16	10	30
47	22	12
29	39	6
34	10	19
42	12	41
33	8	26
15	30	25
46	47	45
37	19	28
46	16	32
39	33	7
46	32	15
2	48	21
16	23	33
8	46	25
19	49	20
20	29	29
2	7	16
38	5	4
26	34	12
34	24	15
13	12	19
41	19	18
32	32	26
43	45	27
13	40	31
29	7	17
50	39	8
24	32	9
15	31	2
17	36	8
28	48	50
10	5	1
10	27	21
46	2	14
19	1	25
46	4	21
42	8	31
40	19	9
23	28	9
21	43	35
17	49	36
27	27	39
10	29	6
12	17	34
28	40	24
49	40	6
24	13	37
42	47	32
10	41	5
13	47	46
30	7	3
45	1	13
23	6	38
10	24	45
32	41	1
8	6	47
13	47	32
3	32	24
8	13	32
1	25	33
18	44	34
31	41	11
2	19	31
49	24	42
23	18	8
13	3	2
44	11	47
9	20	12
34	11	30
8	35	38
50	39	7
32	33	27
32	18	22
50	17	45
18	3	10
1	37	28
40	8	12
2	36	26
34	24	41
5	24	9
24	46	22
4	19	15
43	37	3
16	19	26
8	27	34
42	3	33
20	20	17
2	37	28
24	18	49
23	49	30
50	13	32
49	11	40
38	15	16
23	15	41
44	41	38
35	12	6
6	50	13
50	35	14
2	10	35
28	21	33
47	9	20
28	26	1
24	30	4
12	43	37
23	21	35
27	11	33
16	20	21
20	5	42
4	43	17
42	41	35
38	32	27
31	3	19
13	15	16
31	49	6
27	38	40
28	3	23
25	21	11
28	26	21
37	46	22
21	2	19
30	37	19
48	25	31
23	39	34
8	11	22
22	39	4
25	24	37
22	47	7
12	24	38
41	36	26
3	13	13
35	29	34
11	38	4
42	35	32
23	27	41
27	48	42
50	7	9
16	29	5
46	40	7
4	46	43
35	9	2
2	9	32
43	48	44
38	19	19
43	50	32
50	41	2
9	17	1
41	35	47
43	9	26
33	7	24
29	37	18
5	3	40
32	35	48
12	23	14
12	43	26
46	16	28
25	9	39
35	50	1
2	22	39
48	38	46
7	32	21
11	29	25
22	31	38
1	6	13
32	8	38
25	49	35
21	6	27
46	31	31
18	19	9
38	47	18
39	3	1
49	3	13
11	29	17
43	25	9
21	34	11
42	46	40
5	48	39
9	43	30
5	11	11
33	39	8
8	19	38
37	49	46
8	37	23
4	48	50
46	40	47
40	2	13
7	26	44
14	15	38
47	4	30
1	24	22
20	38	2
9	49	27
50	8	41
47	31	18
3	18	15
26	29	47
35	18	19
19	24	33
37	41	16
6	35	35
25	47	47
31	25	24
25	43	14
41	10	15
49	47	48
41	17	3
32	37	7
26	34	4
20	39	43
20	1	31
42	39	33
39	10	43
49	17	43
43	19	19
11	21	27
21	29	9
19	2	49
40	21	22
7	37	49
25	24	31
23	7	10
40	1	47
23	26	6
7	31	21
46	11	16
19	39	12
23	26	50
23	18	2
30	44	44
20	14	7
17	33	30
43	44	12
4	14	13
18	26	44
32	46	39
28	13	18
6	45	33
50	16	49
16	1	12
4	19	50
47	7	32
6	24	21
8	32	5
13	14	46
15	22	32
44	9	28
39	36	39
45	21	20
38	9	48
20	48	4
23	26	9
50	19	17
23	45	35
24	36	26
28	27	24
37	20	40
49	3	13
48	37	24
20	42	34
50	47	17
48	18	43
10	22	42
19	10	27
38	46	28
48	22	39
36	1	42
39	16	44
34	12	33
44	5	10
11	49	34
7	45	25
43	39	39
7	48	14
22	45	47
23	41	36
24	46	49
48	30	39
48	49	40
6	39	9
21	18	4
41	2	5
20	38	41
14	32	50
43	31	8
39	27	9
31	22	22
44	4	4
22	43	8
10	23	28
42	29	21
42	23	12
39	42	14
7	46	30
27	22	42
37	38	19
3	38	44
39	38	3
9	33	3
7	13	21
16	28	16
14	6	31
4	25	28
8	46	43
19	43	17
35	33	4
37	15	30
13	29	38
30	43	21
18	20	7
5	2	13
11	23	9
29	46	27
13	27	4
36	13	30
14	45	22
23	19	26
20	2	27
36	30	36
42	32	45
12	5	42
40	47	21
48	43	12
8	33	18
6	45	2
13	37	8
36	47	30
8	32	26
44	26	14
43	33	29
32	9	40
2	4	22
35	3	49
37	2	50
18	19	10
1	18	39
10	8	22
19	36	43
43	23	45
7	50	3
23	49	13
43	43	16
15	18	29
5	23	23
4	41	30
34	26	16
24	38	49
8	50	9
4	8	5
10	37	41
19	12	50
18	11	8
26	20	21
19	43	35
8	20	43
7	44	40
26	29	8
25	43	17
1	46	12
1	46	17
4	32	7
1	13	25
23	28	40
11	6	21
5	24	30
44	29	26
17	20	17
43	7	35
15	29	23
32	13	18
37	42	5
43	20	29
49	11	47
45	19	40
36	25	30
19	47	8
43	49	11
6	10	2
39	18	19
40	9	3
17	38	36
23	39	30
1	43	4
12	14	20
31	7	10
22	18	9
14	40	37
18	34	2
8	31	20
2	43	21
10	37	30
31	3	31
24	33	45
13	50	18
9	47	26
3	28	45
38	39	35
16	32	18
33	21	26
48	16	50
40	44	17
32	26	6
20	23	6
13	4	22
45	13	30
34	8	25
34	28	18
35	40	18
50	15	6
27	16	50
50	20	45
39	35	48
9	7	36
5	37	23
29	23	44
25	15	34
10	25	36
49	21	11
2	13	20
5	34	20
13	18	41
5	12	4
31	6	15
31	45	28
9	21	38
49	32	26
24	8	32
12	38	21
40	24	28
19	31	38
46	37	27
7	25	26
7	15	10
5	36	45
18	24	41
44	50	16
25	14	6
20	38	37
2	19	35
9	50	29
27	50	33
25	44	45
15	33	13
20	8	24
12	2	27
34	11	33
43	12	43
37	2	5
11	20	13
35	8	13
34	13	5
19	31	22
44	46	44
21	28	25
26	5	9
47	13	46
7	33	48
42	24	44
3	14	15
9	42	15
25	40	50
13	6	16
7	5	39
34	1	3
17	30	38
25	11	29
10	22	34
21	45	38
46	37	26
18	46	6
49	33	7
13	50	49
12	34	17
40	4	6
13	35	34
10	24	35
35	25	35
28	18	35
37	43	43
50	9	41
28	5	46
1	25	34
13	33	7
24	18	38
11	6	35
13	27	35
10	42	40
41	11	33
23	22	33
18	12	39
3	42	37
17	29	34
32	23	22
21	14	16
8	17	42
4	20	45
3	18	11
29	18	30
47	46	42
11	50	37
36	10	2
10	33	35
36	3	29
49	32	43
47	17	46
33	30	47
33	46	1
12	11	6
25	29	28
3	29	21
23	22	12
38	22	31
22	1	31
49	34	36
36	43	45
38	47	12
8	34	36
41	49	44
33	48	16
38	30	33
47	22	35
23	13	31
42	6	23
33	15	41
26	11	35
30	35	35
16	43	21
6	29	8
43	13	5
27	20	28
1	16	45
12	10	30
47	48	17
45	18	24
11	37	46
38	48	38
10	3	35
20	12	47
41	30	12
2	41	44
18	2	44
34	26	50
4	42	31
19	46	27
30	45	42
32	12	31
3	24	33
28	45	27
48	25	46
44	13	34
18	32	37
2	3	15
43	7	5
27	44	43
25	38	19
23	34	36
1	17	2
8	43	37
31	34	19
50	33	35
5	34	9
32	39	50
33	36	19
17	31	17
18	45	14
6	47	40
38	9	47
20	38	8
7	17	33
14	30	41
22	19	26
45	25	47
50	6	13
25	1	28
2	21	49
12	14	15
39	24	44
12	6	36
31	1	12
12	14	25
9	11	29
20	6	29
20	36	14
9	44	37
48	2	35
46	12	8
2	45	6
38	23	47
38	36	40
31	3	31
12	21	48
8	38	28
13	14	28
12	24	25
14	23	42
16	37	43
42	45	47
18	7	1
30	39	17
39	27	35
39	39	25
9	40	24
15	49	37
20	47	39
18	23	44
50	2	6
32	33	37
29	48	50
15	40	42
2	27	48
50	24	29
24	25	3
16	23	25
45	41	20
24	30	9
37	49	29
45	1	44
29	26	10
43	6	46
36	30	31
5	2	50
7	46	12
17	36	5
12	1	39
26	47	47
32	4	1
16	12	29
49	34	14
7	2	21
42	47	50
5	18	29
17	47	16
2	2	26
6	37	25
29	5	20
38	15	22
35	9	45
21	49	9
45	33	3
20	10	42
14	11	40
48	43	19
39	5	47
1	17	46
29	45	36
24	30	43
42	11	34
36	9	49
16	28	19
41	3	4
37	34	30
12	41	34
4	18	20
22	46	9
32	7	11
5	11	32
35	38	12
11	15	22
15	24	31
39	38	40
14	45	42
45	17	7
26	30	33
37	3	16
15	8	23
15	39	17
34	48	27
14	41	34
25	44	2
14	33	36
23	39	39
23	14	49
1	28	5
8	28	36
41	38	6
36	6	9
25	39	15
34	14	47
9	50	36
31	27	6
12	6	43
9	30	15
37	46	1
21	49	36
2	9	30
18	27	32
11	37	11
11	39	50
30	7	15
41	29	32
9	8	20
39	40	2
41	40	42
28	31	1
27	35	35
21	14	28
9	14	15
5	15	11
1	12	10
37	49	36
19	34	44
13	28	42
42	3	4
15	13	34
29	10	48
43	37	32
28	31	49
43	16	36
9	7	38
40	16	26
34	45	43
48	3	12
24	32	11
38	29	47
17	17	35
31	27	10
33	20	47
24	25	50
9	23	14
30	38	26
37	39	45
23	37	4
21	46	32
45	45	31
6	13	7
1	6	8
34	3	19
22	17	11
20	11	41
34	32	3
18	15	16
8	50	27
7	26	36
41	49	41
39	38	47
47	33	27
30	17	28
8	43	3
22	46	38
26	15	41
14	2	6
30	41	40
29	13	47
30	14	27
20	24	42
30	27	5
17	35	18
17	7	35
32	45	24
45	3	43
12	22	41
36	19	20
24	45	8
31	42	22
48	8	50
50	2	27
10	32	48
42	44	45
10	33	25
25	14	23
14	38	18
16	36	45
20	31	20
24	41	45
34	7	10
6	44	9
6	42	18
2	31	32
4	45	36
23	17	32
20	27	30
21	50	16
25	25	47
36	8	24
18	4	41
2	22	34
7	33	33
16	34	31
44	14	43
44	50	26
29	34	41
11	8	45
19	30	6
36	8	14
38	23	30
19	17	11
17	2	26
16	2	1
47	47	50
48	17	14
18	11	7
47	36	45
41	8	18
9	37	21
45	8	2
13	8	15
21	27	45
11	34	48
45	23	24
33	8	38
45	12	9
43	27	5
36	13	27
21	29	43
16	46	6
15	43	24
18	32	10
41	44	7
20	42	37
49	31	26
50	10	49
19	25	38
12	27	24
40	7	27
13	33	22
38	41	40
34	23	26
9	1	41
4	22	44
20	8	2
21	15	32
35	9	45
1	5	23
22	49	50
2	50	37
19	20	34
11	9	49
2	41	27
32	35	8
34	15	5
34	42	15
28	43	4
12	11	30
6	6	20
24	14	33
6	8	29
12	48	42
48	26	19
29	36	23
19	8	28
27	40	18
3	35	10
47	12	20
2	32	10
31	15	6
9	21	1
36	22	42
8	27	44
13	38	30
27	20	27
38	6	7
16	43	11
28	20	48
28	25	8
21	40	38
32	43	10
9	21	43
34	18	1
42	5	30
49	31	48
50	31	19
13	30	50
50	35	28
6	41	28
49	21	43
33	49	23
6	3	5
43	10	15
12	10	27
34	2	42
8	20	30
50	2	44
22	13	35
34	8	12
15	21	40
27	43	43
43	12	14
17	27	22
4	11	7
12	38	39
48	20	46
8	26	38
27	20	47
50	9	47
14	12	39
16	41	48
37	16	45
4	31	50
39	14	44
50	1	7
14	22	37
23	8	17
35	27	19
37	37	36
27	47	4
15	49	38
12	39	45
9	9	14
7	49	46
2	15	37
36	39	36
38	28	15
38	38	23
48	29	48
24	42	44
26	25	41
46	36	24
4	8	39
13	43	26
11	9	23
37	34	23
41	23	17
31	16	21
43	25	10
46	13	46
17	40	8
14	6	25
10	23	15
3	24	15
21	12	35
38	27	43
11	41	3
37	30	3
4	37	36
43	50	50
48	50	39
46	30	20
16	32	42
14	36	34
43	27	14
42	20	11
1	42	41
44	38	24
28	17	29
27	35	11
17	14	13
34	8	20
12	49	43
49	23	3
40	44	34
28	16	27
27	16	5
30	28	26
12	31	25
1	26	11
11	10	18
14	26	14
48	21	40
5	2	11
8	44	46
26	47	14
20	37	2
22	49	2
21	42	28
22	3	31
6	18	16
39	4	15
46	24	46
39	41	17
12	43	41
14	19	17
48	10	14
13	6	41
37	29	4
3	33	16
2	43	38
42	36	46
27	13	12
41	48	37
50	20	5
43	22	48
46	49	32
4	29	26
25	13	17
32	26	34
19	25	10
38	28	5
8	25	36
28	5	16
12	37	3
38	43	50
22	49	17
20	25	38
6	49	35
48	36	24
6	49	16
31	7	33
4	12	6
47	36	32
13	36	13
4	39	50
37	33	40
28	9	17
5	48	15
11	10	24
34	9	28
28	29	50
49	47	43
30	22	1
3	24	27
17	3	13
26	32	27
14	47	10
45	44	9
15	11	16
47	26	19
32	8	38
47	25	13
10	24	29
43	19	43
19	19	19
23	28	31
17	27	28
15	20	28
41	46	15
31	45	50
16	46	29
24	12	17
27	12	33
2	35	36
16	47	50
1	45	34
7	42	39
16	15	8
37	31	24
34	33	7
12	17	31
13	17	38
28	12	22
27	2	46
22	38	42
29	29	2
42	21	4
25	47	32
35	8	32
29	28	15
8	6	47
2	38	30
39	36	39
25	12	46
30	17	50
1	16	23
15	35	50
47	9	34
36	20	4
33	16	20
39	28	20
30	5	35
23	27	50
35	38	30
39	6	19
3	15	12
23	32	1
11	21	39
45	22	45
46	14	10
3	14	45
38	4	31
29	40	37
23	24	44
17	35	7
15	46	50
33	18	10
19	13	1
43	7	11
9	7	43
2	2	22
14	8	32
45	50	30
16	50	8
7	50	50
47	3	39
38	30	13
41	18	21
9	3	9
1	28	23
3	30	43
43	49	46
8	15	13
49	19	12
41	45	11
37	1	17
17	37	22
21	9	48
37	14	37
7	12	30
39	42	40
18	38	40
38	49	33
1	10	22
28	31	36
25	14	50
32	27	5
39	17	42
2	19	32
9	39	9
10	28	24
42	13	42
7	10	30
42	1	27
22	1	4
21	38	41
46	37	10
3	43	43
14	34	39
16	23	10
45	9	29
15	47	11
31	15	11
16	6	2
13	23	35
46	38	45
35	15	11
2	42	6
17	5	6
20	40	31
46	7	14
32	11	16
15	14	31
41	14	35
6	39	30
48	50	2
36	5	48
4	21	35
49	32	29
6	45	8
3	20	13
12	28	26
18	15	20
45	42	47
4	11	40
9	36	25
47	3	17
45	1	16
12	18	12
24	36	29
1	16	7
16	32	22
19	21	24
5	13	36
31	28	48
26	25	22
42	28	9
34	10	27
44	7	25
30	31	32
29	30	20
36	9	40
37	5	16
7	23	46
45	4	25
37	34	49
20	44	46
14	26	45
48	44	24
18	22	16
40	5	9
5	45	11
22	2	15
15	14	47
38	26	11
4	37	27
6	19	14
6	43	14
22	1	36
27	31	13
44	30	49
2	16	20
50	12	32
12	45	38
49	7	23
13	25	23
9	2	36
26	22	33
25	32	32
10	50	33
38	15	25
10	2	8
12	32	45
15	37	45
32	30	4
28	5	19
17	48	37
48	14	23
32	19	42
2	49	37
35	26	45
15	44	26
2	44	27
34	32	29
16	10	9
15	3	29
44	40	2
4	20	18
38	16	38
43	15	12
50	27	28
42	47	4
29	17	4
26	1	14
31	39	50
5	30	12
34	39	32
10	31	50
3	13	47
43	37	25
9	45	12
22	49	33
37	25	17
41	27	41
48	42	1
38	38	9
48	20	21
44	20	40
49	41	21
35	29	29
50	24	21
11	35	23
43	43	13
19	1	41
25	17	4
46	25	1
18	25	3
21	9	40
38	16	38
40	45	47
5	17	43
33	48	3
21	31	42
48	25	26
36	2	50
1	34	28
50	25	49
33	4	22
49	3	29
1	10	3
50	40	36
15	23	13
17	37	28
11	5	24
46	40	43
24	43	37
12	45	40
40	43	11
22	15	10
28	9	19
9	31	34
27	2	46
3	32	37
15	15	14
25	24	32
21	12	43
12	13	4
50	2	44
22	3	25
12	49	29
17	50	13
45	33	43
30	17	6
25	33	33
29	5	20
24	31	7
40	8	44
42	10	13
36	17	41
4	26	9
39	36	21
1	43	20
17	3	24
49	21	8
40	43	44
11	8	33
35	29	47
9	25	3
35	2	2
43	43	26
10	9	17
28	6	45
37	37	36
49	15	7
9	14	18
41	41	21
19	47	36
42	8	48
44	31	12
2	2	10
24	21	43
23	11	13
25	25	25
24	43	19
25	22	25
1	1	31
50	1	23
8	45	28
38	9	17
20	36	50
41	7	29
22	25	1
29	14	39
5	6	32
13	24	18
28	17	47
45	13	19
22	35	4
35	46	2
30	3	6
14	47	32
18	18	50
40	1	18
36	3	40
25	13	28
22	18	12
8	20	29
35	31	29
6	31	41
46	12	7
6	47	5
24	2	38
38	47	8
50	47	7
43	23	28
26	20	22
21	28	41
49	8	32
2	42	38
48	15	28
29	12	29
29	49	44
44	31	9
9	25	46
5	46	26
14	13	9
24	31	26
49	4	15
30	2	22
13	28	5
13	50	46
48	31	19
40	27	8
1	23	20
34	48	12
31	42	33
11	40	6
50	41	39
5	18	45
35	40	34
6	11	10
19	24	26
19	9	36
3	5	6
41	31	12
41	39	14
2	3	44
4	16	34
18	38	16
21	30	48
2	24	19
8	48	19
43	27	29
31	1	7
28	43	46
37	16	50
40	39	19
40	19	18
31	47	15
29	11	39
38	47	42
47	12	23
4	10	46
4	10	16
14	20	26
18	9	15
1	34	38
46	14	9
36	49	36
1	46	9
29	12	9
49	41	7
27	34	18
44	29	38
20	34	1
47	30	46
10	19	23
42	20	25
9	20	29
35	41	27
47	27	48
44	35	13
3	10	28
15	36	11
37	40	15
12	20	10
24	44	44
38	43	27
12	6	41
6	2	36
18	5	18
50	1	7
8	37	5
4	21	34
32	50	22
43	19	47
26	29	37
6	24	44
9	14	39
30	42	49
10	13	44
12	22	8
1	6	22
9	39	49
11	26	44
16	31	7
47	44	30
36	28	11
29	43	28
24	32	18
27	15	34
17	7	2
33	34	47
31	24	27
18	34	15
24	43	26
29	4	45
43	33	10
3	40	46
5	7	44
37	15	12
48	38	13
25	48	19
5	1	50
2	39	21
28	38	10
35	32	48
8	16	7
4	36	47
5	37	26
50	17	43
16	43	33
48	23	4
1	8	40
26	24	6
2	8	5
38	13	10
41	2	18
50	2	21
43	44	33
11	39	17
20	29	31
34	50	15
36	45	33
11	30	10
50	14	16
31	24	12
21	46	49
44	30	1
28	15	35
44	30	36
32	17	10
27	20	22
13	15	31
35	1	5
46	33	44
10	14	6
15	46	34
50	37	36
35	27	1
33	46	7
35	31	49
40	12	28
7	3	29
27	28	16
1	19	22
26	17	17
40	13	16
14	35	28
7	36	50
35	3	34
26	21	38
1	3	29
35	11	25
40	2	6
45	38	32
32	25	12
19	6	34
5	45	19
38	26	45
49	23	27
20	17	22
8	33	32
24	8	46
10	6	27
19	34	9
3	46	10
15	40	34
22	6	12
16	25	31
23	15	7
15	13	32
5	28	5
2	49	50
30	42	41
5	43	4
12	22	9
42	1	39
22	34	39
43	15	37
36	2	50
33	19	15
49	13	17
21	50	45
7	32	30
41	48	24
33	47	27
29	44	27
50	43	29
38	10	3
18	37	41
20	50	21
43	14	37
9	30	11
23	12	39
36	35	25
39	24	8
39	8	3
17	12	37
2	49	46
8	38	11
15	50	33
24	2	26
6	46	27
39	1	10
19	3	24
42	20	30
50	37	38
35	39	49
24	40	2
26	47	32
9	24	23
23	17	50
17	6	41
19	38	43
49	38	8
25	21	33
32	25	16
19	3	30
8	21	12
13	6	25
34	16	29
22	18	4
11	14	40
3	44	21
17	36	15
37	7	44
30	12	10
47	30	34
23	18	5
19	36	9
27	2	31
20	26	33
5	29	30
8	9	47
8	26	23
44	9	6
30	19	35
23	45	24
48	48	3
30	10	34
33	30	48
49	39	28
11	2	32
36	5	34
9	37	6
27	38	21
29	9	1
14	39	46
47	25	47
45	31	32
42	37	29
34	50	41
31	17	14
30	17	14
44	23	26
3	31	21
17	38	19
46	27	7
31	15	23
29	21	3
47	28	34
40	46	19
16	17	36
13	18	1
17	48	43
46	19	50
17	47	1
44	35	39
10	14	25
32	13	3
35	16	41
37	45	40
44	29	21
29	10	40
8	15	18
28	11	47
37	49	20
8	15	17
47	8	43
6	23	20
30	34	16
20	13	1
17	20	9
19	36	32
29	44	31
17	42	43
13	38	49
22	50	13
47	33	12
2	4	37
23	30	29
3	19	46
33	36	16
3	12	37
46	16	13
45	13	47
1	7	9
3	26	8
30	20	47
7	16	43
50	29	27
37	34	8
49	20	3
39	34	48
1	19	33
30	4	39
24	49	8
4	22	22
19	9	34
24	12	15
3	44	27
7	22	15
38	36	30
28	8	46
20	40	46
9	41	43
3	13	24
7	2	9
11	33	21
31	43	40
45	17	37
31	26	28
38	2	44
17	43	18
7	28	21
40	22	12
16	2	50
34	11	16
16	21	17
28	40	26
11	16	25
8	18	1
31	33	9
14	26	24
13	40	28
19	8	29
45	34	35
32	22	43
42	16	36
6	23	7
11	20	14
49	2	2
13	43	8
21	32	42
1	16	32
49	4	4
31	29	50
31	38	35
9	14	20
34	40	12
11	30	18
15	15	49
41	47	39
25	6	6
27	47	19
13	26	4
41	46	10
11	17	29
23	19	41
47	17	4
9	40	33
44	34	30
14	30	5
7	13	28
26	10	30
40	15	27
45	24	15
40	49	31
9	8	43
1	34	44
36	39	15
28	34	12
4	12	49
45	6	36
49	41	26
43	3	4
1	46	39
49	19	36
47	44	35
50	1	17
20	2	50
24	42	15
12	38	10
45	3	6
30	12	19
40	37	40
43	35	17
31	14	22
44	39	49
14	32	31
39	18	22
29	40	12
25	16	46
31	35	39
24	26	6
50	39	17
43	19	38
19	23	34
30	20	48
40	1	5
1	12	10
20	25	8
18	35	25
49	47	18
23	22	47
15	15	24
3	47	29
21	1	26
43	27	11
1	13	29
19	16	8
33	17	31
31	18	38
16	32	32
27	43	39
36	4	18
31	21	44
13	33	22
34	28	48
38	23	9
33	7	45
42	36	38
37	4	12
6	36	7
23	19	21
39	16	28
7	23	43
14	28	14
11	20	15
17	37	32
39	2	21
27	47	40
27	22	38
8	29	41
9	44	32
39	20	10
24	43	45
37	50	36
22	7	26
49	25	14
25	13	10
28	3	47
33	17	24
20	36	12
20	2	38
40	50	24
19	30	11
29	8	25
35	42	44
9	36	26
40	40	14
43	26	22
49	40	49
24	16	10
3	10	47
21	6	27
9	33	39
50	47	39
17	39	35
46	34	43
30	46	46
50	50	38
28	38	44
7	45	4
32	30	30
22	10	17
35	32	29
12	24	42
23	27	22
25	30	14
24	15	34
8	40	25
9	47	19
38	6	27
35	36	17
23	15	35
49	20	49
41	7	4
34	25	44
3	38	37
42	33	40
28	1	32
15	47	46
12	19	30
26	43	2
20	45	27
8	28	44
47	26	25
4	48	34
40	27	46
26	2	48
21	22	42
16	46	46
46	21	36
47	29	36
48	24	5
10	26	34
23	19	3
44	5	29
10	31	17
37	37	1
48	4	47
21	18	46
29	33	11
12	18	27
37	8	41
35	20	34
42	7	10
22	47	5
6	42	6
38	30	4
46	37	29
31	38	9
40	26	37
16	22	33
20	42	28
15	24	12
38	35	1
13	29	40
10	21	36
44	46	14
6	17	41
28	40	49
38	24	19
43	29	26
33	24	2
40	36	27
35	6	44
25	47	5
5	37	26
38	40	23
29	21	12
25	35	28
13	27	19
30	14	11
30	17	4
26	18	31
4	31	40
44	41	20
20	7	34
37	45	29
48	41	7
8	8	47
12	12	34
44	24	26
42	47	14
14	31	28
18	16	3
38	24	4
10	32	11
42	50	35
3	7	45
5	21	2
4	27	48
6	39	28
20	2	8
34	14	44
46	39	35
12	45	8
22	48	13
5	12	9
43	35	12
13	23	26
3	40	6
28	32	1
27	10	16
43	3	18
50	24	47
49	33	45
29	4	49
16	21	49
41	2	29
27	3	27
1	34	20
4	50	38
40	10	39
48	20	19
2	4	33
48	36	45
12	16	22
47	10	34
46	38	48
4	48	7
18	29	49
4	16	14
45	4	28
26	44	11
31	17	21
19	42	18
44	10	28
20	3	40
36	41	39
37	30	2
34	11	31
50	2	26
24	45	26
13	9	13
40	14	27
33	39	4
29	29	39
17	28	12
5	25	20
5	44	37
6	14	43
6	36	43
39	50	18
18	3	2
15	30	5
15	18	21
16	40	32
32	8	32
6	18	47
25	35	49
34	16	36
50	26	40
4	34	32
1	42	8
23	43	17
39	4	3
1	10	47
17	24	9
20	33	40
48	28	25
37	14	29
23	21	39
30	16	28
5	11	34
16	35	2
19	6	30
9	25	33
38	50	33
6	46	32
2	42	17
7	38	34
50	22	24
40	18	11
41	5	36
42	35	23
25	23	35
38	1	35
23	35	49
4	38	24
22	8	41
5	4	42
3	17	46
16	24	21
41	9	11
14	19	48
45	1	32
16	19	33
39	47	30
46	29	18
31	46	17
21	6	37
10	7	46
46	21	37
9	28	31
21	48	5
5	48	29
8	48	1
15	13	34
5	46	37
47	32	24
46	4	15
49	28	35
13	24	38
24	9	11
36	24	46
12	33	39
49	38	41
22	25	44
46	11	31
27	36	6
33	3	1
41	50	31
10	29	35
8	36	31
14	46	47
50	13	15
41	50	50
36	50	30
49	46	44
1	24	13
22	29	30
30	34	49
33	38	12
29	37	42
32	40	47
24	47	50
13	2	35
37	8	20
14	45	35
26	4	44
33	18	3
46	1	32
23	7	10
24	44	6
25	44	49
16	17	15
27	47	19
44	5	40
50	50	30
17	8	44
1	20	41
9	29	42
5	10	30
5	23	13
38	46	27
40	15	48
1	6	50
41	14	38
50	49	38
29	16	14
31	40	45
17	40	18
35	48	40
17	17	22
49	9	35
27	38	16
1	11	32
37	48	3
48	22	1
41	46	19
35	33	12
2	8	20
30	41	34
2	16	2
33	45	14
50	12	4
5	37	41
9	7	9
34	2	12
2	40	11
10	8	10
34	36	15
13	41	43
13	5	20
45	40	8
20	15	13
37	14	41
19	30	2
21	16	8
34	34	36
45	49	4
45	21	1
2	10	20
49	8	32
33	1	49
22	7	13
6	19	36
13	17	9
15	6	13
12	38	25
24	11	48
37	37	22
4	37	28
20	15	9
18	50	33
3	46	2
5	8	34
40	1	39
15	45	26
36	17	10
31	28	30
28	39	9
33	1	36
35	32	7
41	3	49
18	35	33
11	30	2
20	18	24
40	46	12
36	20	28
50	22	12
7	36	37
1	49	44
9	6	22
17	27	14
26	20	21
23	30	3
28	10	33
18	6	40
46	28	49
48	46	42
30	42	3
19	8	38
43	26	44
5	44	38
44	13	7
12	40	4
48	8	17
43	41	10
19	11	25
25	27	5
4	12	12
4	24	24
7	49	25
40	38	39
21	47	9
2	20	42
48	33	18
32	39	14
45	31	20
8	5	34
19	10	32
2	15	16
41	21	47
26	28	22
16	4	17
12	8	45
42	11	37
35	10	3
37	21	34
45	10	4
38	7	24
3	11	10
28	29	40
37	50	5
4	46	18
27	50	4
33	20	15
47	18	26
26	30	4
10	32	2
41	3	48
40	35	29
1	6	24
13	36	35
13	17	43
23	10	41
25	3	32
6	20	19
10	21	29
18	34	47
17	14	37
31	41	43
15	17	45
40	35	48
27	14	4
33	9	26
37	9	10
38	19	19
49	19	18
22	11	29
38	16	16
31	30	19
45	42	47
35	37	24
36	33	15
43	36	42
18	16	43
34	15	50
21	6	6
30	1	1
9	47	29
19	5	44
42	47	4
37	36	34
34	13	47
3	5	2
14	45	41
30	39	32
19	3	38
15	47	17
2	7	26
45	36	5
1	25	34
40	12	16
27	23	18
50	36	3
21	27	32
40	16	16
9	43	17
16	12	36
19	34	11
21	50	23
12	36	7
26	39	18
15	30	50
16	44	7
7	39	18
50	1	10
32	41	28
48	29	30
44	48	11
47	35	25
43	37	33
44	45	13
27	10	6
28	3	11
13	38	9
5	2	15
18	50	8
26	33	6
35	17	25
4	38	37
10	44	5
32	26	44
40	38	13
36	11	4
32	39	34
42	22	8
17	17	41
32	2	40
44	15	8
47	10	25
30	39	41
21	45	43
44	20	22
49	41	46
9	10	18
3	27	43
32	41	27
4	36	50
39	43	40
4	16	4
46	15	1
8	45	14
19	6	40
46	34	32
19	8	13
21	12	36
21	35	40
31	35	45
23	21	40
3	1	11
44	35	40
6	48	15
5	34	47
33	16	44
32	42	38
42	41	42
13	15	16
16	4	16
48	47	12
30	30	15
28	29	38
34	11	35
27	8	5
7	8	14
34	12	24
11	32	39
11	20	17
24	24	39
4	23	46
48	13	22
13	12	26
41	43	30
27	50	36
40	8	11
44	33	35
13	11	8
27	42	5
12	26	26
40	15	19
50	30	45
6	21	18
26	9	10
5	22	9
50	11	9
33	43	45
42	5	38
16	39	4
48	25	31
37	30	10
13	37	12
28	11	35
49	38	37
21	10	10
50	7	36
26	46	40
44	50	20
10	40	33
20	2	20
6	39	7
39	19	10
6	22	20
32	44	11
39	18	4
5	23	4
41	22	7
40	32	14
6	46	29
15	36	7
18	38	23
50	20	38
39	37	43
45	11	31
28	14	31
40	13	50
31	19	29
7	3	33
2	36	10
46	43	9
25	15	2
15	1	19
12	49	6
1	7	39
33	46	44
3	9	20
40	17	18
47	1	28
26	48	39
29	45	15
5	25	15
7	28	43
2	37	26
25	16	28
26	18	15
30	22	14
26	3	3
8	38	45
17	7	45
45	38	12
24	13	2
28	45	34
34	27	33
23	33	40
23	36	47
13	30	19
27	19	48
21	25	32
7	15	48
14	34	17
11	1	43
47	38	6
38	20	29
6	32	11
1	42	21
4	36	4
8	42	32
28	6	7
8	25	47
2	7	8
36	1	6
44	7	49
15	1	21
19	12	46
50	43	44
44	50	2
27	7	10
36	30	41
12	38	23
30	38	46
46	3	25
47	16	35
34	10	18
19	28	4
5	40	18
39	49	27
3	27	47
25	41	14
43	19	12
34	16	9
17	9	17
17	43	43
33	16	42
22	15	41
43	3	22
14	36	33
17	32	29
19	27	22
26	40	44
30	23	2
45	28	23
20	9	23
45	49	41
35	19	11
45	2	35
29	24	41
36	25	24
31	47	18
25	19	17
13	20	18
28	9	40
36	14	47
24	1	32
21	17	38
37	44	32
44	22	39
33	23	2
9	42	10
40	5	49
30	48	18
43	33	35
6	20	15
38	46	3
47	8	17
30	37	1
5	46	43
27	8	10
21	33	15
27	14	48
3	10	49
31	5	21
7	43	24
39	44	49
13	27	19
35	28	9
26	48	32
19	28	42
1	29	13
22	25	25
9	39	10
41	25	46
1	5	40
48	24	39
44	10	39
31	8	38
15	38	24
27	22	37
45	42	45
27	24	15
3	28	9
10	49	21
41	27	3
32	13	44
45	46	11
17	10	41
35	49	40
32	5	4
19	33	12
15	11	14
31	17	10
19	34	22
6	42	38
26	7	8
33	12	48
36	30	40
33	45	37
12	16	42
35	6	46
23	17	39
38	40	2
46	45	18
26	18	34
46	42	34
7	2	1
49	11	24
44	15	15
41	43	24
31	19	38
2	4	33
45	34	12
18	41	44
17	15	40
12	44	24
31	11	47
28	6	38
49	14	46
30	11	13
15	16	27
40	18	9
13	40	41
30	31	28
15	18	37
9	36	3
19	37	27
44	40	11
34	6	50
27	13	17
50	4	10
4	49	43
35	47	26
34	20	20
47	28	24
6	46	29
27	29	19
45	26	10
32	27	1
9	48	5
42	12	23
40	1	8
1	30	6
21	32	29
31	26	7
29	35	40
38	48	26
9	44	1
4	36	20
36	26	46
13	42	39
11	37	6
43	38	24
26	14	37
11	35	11
43	45	30
22	41	42
39	13	43
19	42	37
4	16	13
6	27	21
21	46	3
15	31	39
5	21	44
43	26	9
41	48	4
18	19	29
39	28	46
22	16	5
23	11	8
16	25	20
36	43	12
47	1	22
40	24	47
2	39	11
40	46	16
9	12	25
38	18	8
27	25	47
20	23	34
10	47	26
4	14	24
30	24	48
46	4	18
43	27	20
24	17	21
3	19	36
28	23	31
34	45	34
1	23	24
4	4	49
25	25	33
30	13	37
22	44	44
41	42	9
45	6	29
8	30	33
27	9	3
4	4	3
28	21	43
45	9	47
26	18	8
27	6	4
17	33	16
37	45	25
22	17	23
1	13	45
45	40	33
48	43	38
47	44	47
24	28	14
31	35	16
12	14	6
32	14	48
26	15	23
13	14	24
4	32	5
1	26	50
48	35	45
33	22	6
33	2	43
40	49	30
8	44	28
21	37	48
39	9	49
50	27	17
38	43	25
30	32	38
41	17	30
45	9	11
2	36	47
17	27	10
6	50	43
26	17	11
25	31	8
43	32	38
25	21	10
4	15	40
5	31	34
3	14	1
14	20	22
4	24	20
26	14	2
23	16	5
26	2	44
45	35	35
33	14	25
19	30	49
5	11	28
40	16	33
18	19	49
4	6	3
44	9	44
11	20	19
4	25	34
11	15	8
49	5	39
27	7	36
14	3	39
10	38	2
30	28	33
46	9	36
35	16	38
14	47	24
26	48	6
12	36	8
15	20	49
24	34	35
24	45	37
11	36	39
42	40	30
9	28	16
37	39	37
29	39	13
13	5	7
1	8	16
45	27	44
47	39	19
48	1	44
6	38	8
44	1	5
29	16	26
30	39	10
34	3	50
27	28	38
45	8	45
42	43	34
1	14	48
16	50	5
33	21	13
42	41	9
22	50	46
14	47	41
21	32	21
38	1	32
35	22	34
16	42	10
34	14	9
5	20	18
5	3	14
26	2	30
12	17	11
26	37	1
18	34	39
12	48	25
31	3	47
22	42	4
45	34	21
10	34	34
4	37	14
42	33	34
40	31	21
20	46	41
33	47	31
22	36	25
49	19	28
50	14	3
29	49	45
11	29	16
16	14	10
12	38	5
35	19	11
39	1	36
11	29	18
32	10	41
6	5	9
6	17	44
44	18	33
24	9	14
36	44	42
2	18	40
36	5	46
11	7	11
43	12	23
19	43	48
4	19	1
10	34	43
25	6	47
40	22	28
12	31	50
49	39	34
40	45	39
30	49	15
39	49	32
48	48	30
1	23	34
41	24	39
47	28	13
38	33	36
6	16	46
32	24	30
26	30	17
6	23	1
12	37	27
43	28	21
6	30	2
10	35	3
17	8	18
49	42	46
11	4	15
35	49	32
25	19	27
1	20	41
8	37	29
38	6	34
43	37	12
21	4	8
39	20	37
33	46	22
43	8	2
13	17	10
6	21	37
42	30	23
12	23	11
15	27	45
12	18	47
18	41	39
5	49	44
15	11	39
37	44	43
5	9	23
23	4	12
27	17	36
20	37	13
7	32	43
25	40	17
31	45	15
49	15	40
50	31	22
32	26	18
46	47	27
30	49	2
46	13	15
42	33	38
23	10	30
26	19	38
34	31	25
11	15	49
17	3	48
4	19	16
24	28	32
33	4	49
27	17	49
31	6	38
25	24	22
37	15	8
23	41	29
11	13	26
44	41	39
48	1	26
16	13	15
17	9	50
20	32	16
13	28	32
16	49	42
29	14	21
7	24	28
32	16	14
33	8	22
3	39	12
11	25	26
12	45	38
4	18	14
15	50	33
42	34	30
40	4	43
22	17	33
47	33	31
31	7	18
25	20	25
23	13	8
9	49	14
39	48	42
30	22	43
37	5	16
9	33	9
4	48	5
50	32	30
47	5	1
39	39	7
16	14	45
7	12	32
1	27	1
42	19	33
16	24	32
24	11	36
11	31	27
28	14	5
10	26	41
27	44	4
10	42	26
38	5	39
26	50	32
5	27	26
24	36	26
9	43	33
42	39	25
42	33	45
50	27	10
43	37	34
8	9	29
32	33	21
13	34	34
1	14	12
15	21	38
35	23	1
30	22	22
14	8	10
50	26	34
43	9	28
37	36	23
28	6	18
48	9	15
3	41	11
1	18	10
4	10	36
34	31	50
44	49	48
45	45	50
2	26	11
42	48	26
13	24	46
4	45	44
25	48	27
35	5	28
45	6	46
11	37	34
40	8	12
46	15	5
41	48	13
22	24	42
8	43	35
7	42	6
9	8	38
32	45	31
9	16	18
44	42	19
30	6	22
15	50	26
33	38	14
4	18	6
22	33	34
14	5	12
6	32	19
26	43	3
8	46	38
21	39	24
34	28	43
31	49	30
19	32	50
23	46	16
21	21	11
30	25	24
15	7	13
9	20	34
8	40	46
9	11	22
31	36	47
45	41	44
28	26	23
28	22	28
49	34	35
5	2	14
14	33	18
42	49	4
18	30	47
34	22	9
18	14	26
6	13	37
20	25	14
37	30	43
21	7	38
37	38	2
2	18	30
19	22	13
41	18	44
1	11	10
26	25	32
47	14	23
41	3	32
9	19	42
27	8	19
17	7	42
48	14	46
35	18	20
20	5	35
36	45	27
46	16	36
41	20	8
30	20	16
21	28	38
30	36	38
49	41	41
48	2	26
6	28	29
47	40	41
11	36	6
40	47	15
8	8	41
30	14	12
40	2	10
40	37	7
37	40	5
34	14	37
15	3	36
48	15	40
5	39	12
1	28	11
26	4	38
29	10	42
22	3	39
29	5	31
4	23	38
16	29	30
5	6	15
24	4	32
16	40	32
2	24	38
36	36	16
18	29	25
30	37	6
40	14	14
2	33	15
12	30	36
4	7	25
49	30	32
19	21	34
46	43	2
43	50	46
1	7	23
4	20	13
40	10	35
33	23	33
7	45	26
28	32	37
33	21	31
15	16	43
10	3	49
49	20	42
12	32	35
9	3	16
33	36	33
28	43	13
22	25	16
26	35	21
43	7	35
36	35	1
36	46	48
48	26	16
4	42	30
27	45	12
13	6	33
35	30	39
3	16	23
36	20	7
29	41	24
8	42	18
10	35	19
37	13	3
47	42	50
1	18	45
6	4	47
45	21	10
15	1	32
31	11	12
21	38	34
1	12	6
10	8	36
29	17	27
35	41	40
29	3	29
24	14	26
49	42	24
48	12	46
3	17	38
48	13	4
5	15	24
50	22	40
33	29	5
41	49	25
20	17	27
30	9	21
23	31	20
37	38	5
9	42	3
12	18	14
40	47	14
35	36	39
34	38	22
19	15	45
43	44	6
6	17	6
46	29	13
37	36	48
30	28	50
6	30	14
9	50	18
21	20	21
13	41	21
20	25	24
15	27	11
17	40	45
19	47	43
43	25	49
21	26	17
21	49	45
22	17	17
21	44	48
19	33	29
20	6	17
48	24	46
11	21	36
43	15	11
13	47	46
6	31	24
44	27	48
41	17	7
49	39	32
49	11	38
32	49	50
4	16	40
20	16	34
5	35	50
10	20	21
49	19	8
10	38	8
49	8	25
8	35	11
42	35	7
37	1	28
1	34	42
45	49	36
13	50	43
34	20	25
22	3	7
9	7	10
9	46	8
17	49	19
50	50	34
10	4	30
37	26	46
1	42	4
7	30	35
11	34	37
29	19	32
10	4	6
1	45	32
29	41	16
31	9	1
31	41	50
44	2	33
32	31	31
35	47	39
44	3	8
16	9	31
26	24	46
11	10	37
24	41	41
22	23	5
39	33	32
1	41	5
42	28	24
48	39	27
10	7	45
46	44	43
35	15	24
42	8	17
38	24	32
21	3	11
33	28	2
33	3	43
14	38	41
39	16	13
14	17	29
39	4	37
36	22	17
9	16	1
48	22	42
1	15	1
45	16	1
8	18	49
49	30	42
40	23	3
2	28	30
19	47	38
22	42	15
45	39	17
2	6	30
21	6	10
47	10	43
7	41	31
41	46	30
30	46	39
32	42	15
2	32	39
28	26	24
5	32	9
32	1	17
22	6	1
37	10	48
48	38	6
5	39	35
13	50	44
22	39	50
40	16	48
7	10	15
1	11	47
49	26	40
3	49	41
17	27	1
45	31	34
7	36	24
47	15	50
9	13	44
42	14	23
23	39	47
29	9	8
1	26	45
19	3	37
45	4	32
38	1	47
15	25	20
4	48	28
40	17	39
39	1	40
38	11	41
27	1	5
25	49	35
6	38	29
47	22	50
50	25	11
2	46	25
1	40	39
21	25	20
23	30	49
32	4	38
32	17	12
31	23	41
38	6	2
2	18	31
14	40	13
18	22	34
29	39	26
34	44	20
23	30	34
7	2	25
27	18	24
28	28	36
41	36	10
39	19	45
49	29	5
5	46	13
18	11	9
18	29	29
22	1	27
2	38	5
48	3	19
3	20	7
13	2	9
44	13	46
10	21	24
39	43	18
7	13	42
46	1	30
36	25	2
19	40	37
45	11	48
28	17	29
35	44	7
28	9	19
1	42	5
32	42	39
22	49	49
32	28	43
32	21	29
28	50	12
44	7	21
26	36	40
42	3	7
41	23	3
22	20	38
43	31	29
9	26	40
29	28	44
9	3	42
10	50	29
40	25	46
23	28	42
45	14	40
48	7	19
14	30	26
12	37	34
25	25	22
9	11	47
36	16	27
2	15	42
29	8	27
6	42	25
32	43	9
9	5	4
37	5	30
28	29	13
18	3	14
34	6	18
25	5	15
24	31	6
16	39	39
31	50	32
23	26	43
3	29	45
34	23	36
2	43	34
17	29	10
17	23	32
10	9	43
22	12	40
42	26	33
42	42	36
46	4	16
37	25	19
18	48	4
37	30	36
13	44	34
4	21	43
33	18	21
23	36	11
35	47	1
14	49	13
17	36	48
48	43	8
17	36	25
28	48	24
18	22	18
42	8	12
11	25	14
20	32	42
47	4	36
5	12	12
18	36	13
22	31	12
20	48	27
48	46	50
20	18	16
32	28	26
22	24	8
19	30	6
22	40	11
1	28	15
9	29	32
7	17	22
4	25	21
5	29	18
44	37	42
15	42	2
25	34	15
34	41	14
49	12	37
26	48	36
10	15	5
45	21	35
12	39	33
8	31	32
30	19	17
48	33	3
19	37	16
2	13	2
35	34	10
45	48	14
48	44	38
17	8	32
38	13	42
38	12	33
2	22	19
20	47	42
45	27	12
33	26	4
40	9	39
30	27	5
30	20	32
13	32	42
28	29	8
32	31	26
33	4	39
12	21	13
12	45	12
24	45	1
23	28	36
38	34	27
26	14	13
3	48	29
26	49	50
7	36	50
49	46	40
16	14	9
36	24	12
40	47	7
24	35	18
28	2	26
11	26	46
7	6	5
39	2	49
21	26	46
33	49	8
47	5	28
30	15	30
18	49	6
27	9	42
9	24	47
47	7	28
42	10	45
36	1	13
30	50	10
32	3	13
33	23	30
3	11	10
28	36	17
43	37	38
9	19	1
11	33	29
47	17	48
16	36	40
18	34	38
12	47	11
34	36	6
24	18	13
6	6	48
14	34	37
21	50	16
40	14	22
9	28	31
37	7	5
9	42	19
15	32	48
23	25	10
35	15	20
22	32	33
34	30	39
26	29	30
2	5	39
23	5	44
41	22	45
2	43	32
4	40	24
40	40	1
44	36	44
18	10	26
29	25	12
19	32	19
37	34	30
3	3	5
14	45	26
40	28	15
1	21	28
6	37	30
30	14	28
49	1	12
11	34	36
9	42	30
50	32	33
27	26	33
30	17	39
3	40	44
49	18	32
13	5	22
11	41	26
10	23	46
31	20	39
25	1	48
6	25	47
18	39	42
23	31	39
40	3	2
41	4	7
44	6	16
23	7	10
6	37	6
32	16	38
24	12	13
50	17	12
49	30	23
6	27	2
5	3	7
18	30	21
41	5	27
19	29	45
50	25	36
14	48	35
50	18	40
8	37	9
5	6	12
29	24	5
11	36	36
21	29	34
26	47	35
32	21	38
40	18	38
23	35	38
23	29	47
8	46	15
26	12	13
10	23	6
22	28	35
8	12	37
18	8	49
50	41	15
30	32	23
34	20	32
9	35	12
42	19	37
42	28	25
4	4	22
24	40	4
27	3	16
45	45	29
34	15	12
40	13	12
46	30	14
21	47	20
45	46	3
11	45	2
40	31	5
10	50	50
4	42	27
9	22	9
25	31	29
17	10	4
49	16	18
33	44	14
14	3	5
8	11	1
43	43	6
37	39	7
19	15	31
8	49	25
21	44	43
2	43	28
7	37	4
3	25	23
6	41	25
41	46	9
5	43	12
40	45	24
40	16	8
32	37	40
6	6	6
18	8	38
32	11	40
8	27	46
30	44	25
19	25	17
13	29	37
19	22	7
46	12	15
20	25	38
4	47	49
8	16	29
10	32	42
4	7	16
42	48	43
43	45	21
35	5	26
4	30	7
13	5	23
35	44	19
40	41	2
1	14	41
6	9	3
10	15	17
3	37	25
19	44	1
41	26	45
39	17	13
3	11	13
30	16	46
27	23	29
35	32	39
48	34	21
37	13	30
5	6	24
10	19	35
7	6	45
7	8	41
20	29	28
48	25	48
8	10	50
10	8	6
46	27	30
24	11	35
30	2	24
41	37	44
43	20	31
22	26	9
50	5	30
30	6	4
36	26	10
36	48	10
49	42	36
35	42	46
43	10	17
46	9	28
25	9	29
12	46	10
32	11	17
12	24	45
30	39	18
35	10	20
20	32	5
32	37	22
12	48	40
5	39	5
6	20	1
11	25	10
6	23	48
19	17	29
48	33	46
16	22	30
5	39	4
15	50	41
26	41	20
8	1	8
28	46	35
28	10	7
29	37	41
44	40	43
46	17	32
17	40	13
4	12	7
47	27	50
10	50	25
46	45	37
39	5	49
37	7	26
18	27	49
25	29	12
45	27	34
2	7	26
42	38	6
42	36	11
17	35	16
4	3	21
42	35	8
34	4	3
49	24	6
34	18	22
50	34	43
19	2	33
13	22	18
47	46	15
2	48	26
33	38	12
5	11	2
3	48	16
29	44	40
27	35	40
33	15	25
27	24	31
50	40	28
16	4	28
31	14	49
38	35	17
8	17	36
50	46	12
11	27	11
18	33	18
34	42	7
38	1	16
36	24	35
39	48	22
37	25	18
12	36	30
5	29	33
36	37	34
32	38	35
4	21	28
29	14	15
39	24	31
8	46	50
50	8	41
23	46	5
31	20	49
2	29	3
24	7	28
48	7	42
46	32	24
44	38	48
14	2	23
10	46	30
39	37	24
45	35	5
26	25	8
1	20	45
33	23	2
37	50	14
42	3	40
49	37	33
33	35	28
17	43	44
39	39	11
5	18	20
39	3	35
27	22	7
10	36	9
12	8	6
20	12	32
19	5	40
37	27	22
17	13	20
30	16	29
1	16	34
38	9	50
14	42	2
29	9	3
22	22	24
47	41	12
6	45	3
18	42	26
2	15	17
21	20	11
48	46	35
19	14	33
9	11	36
30	7	31
34	32	9
27	22	24
32	27	27
21	20	3
19	39	50
13	38	45
9	19	7
46	48	19
4	36	34
1	22	37
9	45	17
39	33	7
2	20	26
20	41	21
25	2	5
44	33	14
6	40	44
29	6	45
4	1	27
14	30	2
38	8	25
41	35	27
12	40	49
49	33	39
2	32	1
47	15	7
13	27	31
18	12	8
11	8	47
40	33	2
11	33	20
7	26	18
3	10	1
11	33	35
8	5	3
41	3	42
45	28	18
15	50	4
11	9	32
35	45	38
38	3	26
33	50	10
15	27	22
48	37	2
31	8	16
18	43	15
39	24	14
32	40	40
13	27	17
30	16	43
27	17	40
31	40	34
48	34	11
21	3	39
13	23	40
15	27	23
47	11	11
8	38	23
2	5	25
3	12	34
8	50	7
1	8	32
18	42	42
7	12	36
12	19	36
48	9	27
40	10	17
8	18	43
47	39	9
39	43	9
25	13	5
39	16	16
32	10	18
15	47	46
30	33	13
13	4	29
23	20	16
39	25	27
46	28	17
44	43	31
48	14	23
36	49	3
25	17	32
37	47	31
48	37	24
8	30	6
28	21	5
46	3	12
14	8	11
43	13	37
44	31	15
37	20	28
4	40	19
48	24	10
28	30	28
40	17	42
33	13	42
8	9	40
26	49	1
8	28	26
20	37	27
27	3	42
23	9	45
49	31	23
48	28	36
31	45	29
46	13	5
30	7	6
3	44	26
27	32	47
15	46	30
6	41	48
3	28	2
39	9	37
31	20	50
12	3	37
37	35	37
49	45	19
33	27	33
16	47	34
46	15	32
35	15	45
34	35	38
40	2	32
24	24	5
27	14	3
29	2	12
47	11	21
49	19	8
46	12	21
10	49	29
6	13	5
6	30	37
44	50	39
7	48	19
40	6	33
35	41	29
1	50	49
2	31	34
12	38	34
30	9	49
31	26	30
1	24	47
44	49	12
4	3	39
48	44	2
25	24	32
5	19	18
30	30	48
6	27	40
26	28	37
21	38	15
22	46	11
2	10	34
6	46	45
35	48	11
24	13	22
25	35	48
15	25	11
29	20	31
41	19	36
32	47	13
7	50	38
23	24	33
25	16	13
50	8	11
13	24	32
33	45	23
34	9	47
13	1	44
13	44	40
47	31	37
13	38	1
34	36	39
3	37	14
36	17	6
41	47	21
38	50	37
20	9	22
17	42	25
11	10	12
41	13	22
1	10	26
11	12	26
21	19	7
16	11	14
31	12	31
4	26	43
26	19	8
23	28	33
40	25	25
5	31	30
18	13	31
2	9	5
13	45	1
44	16	5
2	34	17
30	9	38
19	15	26
11	36	14
17	31	38
36	41	24
38	36	11
39	29	23
15	35	5
3	42	36
22	15	6
10	43	4
28	38	36
39	40	5
10	43	17
49	36	18
35	1	33
1	16	31
28	30	16
28	11	27
40	3	14
13	12	9
48	18	40
22	44	39
6	1	36
25	46	24
8	4	1
10	42	32
30	40	22
16	5	45
33	23	4
5	50	11
45	36	9
20	45	35
15	3	26
12	20	5
42	44	38
41	17	44
32	6	15
7	43	37
41	8	29
24	15	24
50	22	26
16	29	40
29	36	33
27	16	50
4	19	45
32	39	38
22	44	16
29	5	20
12	20	43
44	20	39
32	16	14
45	49	14
41	18	6
33	38	15
46	31	14
29	31	18
17	21	8
11	45	33
29	6	12
11	14	27
25	33	46
5	16	35
7	39	43
42	23	5
45	7	12
2	24	21
12	12	28
46	15	19
31	26	36
35	9	47
50	45	42
13	9	25
42	44	23
50	44	29
46	9	34
12	46	22
49	22	14
41	23	9
44	44	46
37	44	1
48	15	33
14	46	13
29	42	12
30	37	1
47	2	8
45	20	5
46	14	6
27	47	30
44	16	11
42	18	19
2	50	6
2	10	48
47	30	36
33	42	42
44	5	50
38	6	17
32	12	8
7	34	38
10	29	33
10	25	24
43	17	15
9	31	17
5	48	17
2	42	45
19	44	6
46	6	33
4	6	27
4	7	42
14	47	40
28	9	3
34	15	43
30	31	35
23	24	45
9	11	31
12	46	46
20	3	44
29	38	30
19	26	2
29	23	18
6	48	39
3	16	19
47	41	14
1	16	27
43	44	42
21	39	41
38	28	31
17	34	50
24	3	49
22	43	48
50	7	50
35	47	1
3	17	17
47	46	44
42	28	30
10	17	21
10	45	40
12	13	25
40	34	27
36	42	27
22	34	30
15	9	17
7	11	41
38	42	5
27	10	14
13	39	11
34	4	26
10	14	23
18	36	7
37	46	19
18	41	39
37	37	39
42	35	41
9	10	32
25	14	5
40	30	46
16	9	2
5	42	46
30	14	14
30	40	22
40	26	30
46	21	48
43	36	29
43	15	13
20	46	1
6	29	44
29	22	12
7	38	40
36	46	1
39	32	15
7	12	22
23	16	44
35	17	14
12	14	40
20	26	14
27	40	29
26	23	32
24	29	29
25	42	23
2	40	37
42	31	26
35	32	34
22	3	10
42	44	48
19	8	21
10	11	8
33	38	26
3	14	43
4	20	40
16	47	21
26	48	44
48	25	22
1	37	10
1	34	9
17	24	16
9	44	25
14	7	38
25	40	26
6	14	32
29	27	15
32	5	24
1	28	15
19	35	7
16	4	23
47	31	22
30	33	44
16	36	9
25	20	18
27	8	37
13	44	48
31	36	24
3	5	5
5	40	8
47	32	48
9	37	48
15	2	6
36	19	21
21	42	40
38	29	3
39	10	43
27	41	33
3	41	42
17	38	10
26	2	31
29	26	6
19	47	24
50	31	14
44	15	41
17	35	40
43	42	41
25	27	34
28	9	35
14	4	38
3	38	29
11	36	5
24	46	18
19	18	47
41	7	38
1	48	6
36	12	24
17	45	22
50	11	22
17	43	14
47	43	23
24	13	21
48	27	21
25	45	24
11	35	23
43	6	41
50	12	11
38	10	1
28	28	29
8	6	26
10	24	16
20	45	17
33	17	22
1	47	25
15	3	42
7	8	19
31	45	30
10	7	39
9	14	31
48	48	45
14	5	9
33	6	21
20	41	32
6	28	13
2	11	43
44	15	45
43	45	6
27	40	46
26	27	40
9	14	23
31	43	17
34	27	41
48	44	48
33	43	41
50	17	36
1	29	45
24	10	4
39	11	26
32	46	30
9	26	2
34	8	31
29	44	8
14	25	10
9	2	49
17	44	9
42	3	11
17	5	18
8	48	19
23	25	20
7	38	49
2	19	32
27	31	33
24	33	20
39	10	7
46	7	41
13	17	4
35	8	3
17	15	48
35	22	23
38	46	39
34	2	1
19	37	50
44	29	7
2	9	23
30	14	47
31	35	22
4	12	18
37	26	10
32	7	13
2	42	46
26	28	4
6	44	3
4	35	2
26	27	38
38	24	50
29	18	18
21	38	9
27	9	7
46	34	45
37	6	26
40	47	37
4	10	26
34	46	9
6	22	14
7	44	17
34	1	29
31	7	20
29	40	17
49	40	47
1	21	50
18	19	4
27	17	28
35	27	4
11	18	15
10	43	13
31	23	41
29	16	28
33	25	16
32	8	37
50	29	33
41	23	29
