1659
9977
7541
5849
-4475
714
653
70
-4444
-646
-6485
-1567
5204
-8371
7084
5177
9398
-6904
-310
-1780
-2710
-8539
-8032
3212
1373
-4671
6061
3819
7977
1125
1906
370
4569
-4953
-5791
-8568
1444
-7203
-510
6463
7944
-7794
-6099
7457
3356
-4492
-5248
-4900
-3471
-4413
-7979
6154
6495
6707
-1930
-3089
-6066
6911
8683
-6392
9634
544
367
-4877
-8231
2252
3639
-9733
7281
7564
-8382
6097
-282
-8121
-9778
7857
2659
6120
-7057
-4914
2935
7214
3738
-2299
9911
-1175
2988
-3770
-2621
-6886
6288
7508
-2094
-3607
3541
-3455
-6008
-7400
4311
-3568
-4063
4141
1949
347
-6087
2284
4132
-5612
-6592
-804
4083
-8850
7809
4843
-7873
3811
-6901
6029
6434
8552
-2662
-8103
4435
-3356
-4178
3745
6507
2207
7102
-5738
234
-4013
8434
6237
-7632
2883
8096
-6946
9719
5045
-311
-8402
-7458
-2820
9904
-9674
820
-5190
334
-9082
2965
-634
3290
7215
-1020
7330
-4499
-4153
4457
-5178
5599
1701
-4563
-4347
5708
-2505
2735
-7098
7924
7070
9465
1940
1138
-4083
-5146
-6525
-1602
9290
-9796
9683
3863
2226
-1529
2296
3203
-8563
-8181
8073
3647
2506
-2350
-1708
9113
4711
-3276
-649
733
8003
5187
7634
7479
8113
-6392
6447
-3036
8310
4117
198
688
-6591
292
-410
-575
-9747
1623
-4730
7744
3683
-5136
-9690
-4927
-777
4252
4930
4218
-4095
575
-7112
-6911
-4400
-37
2070
-4025
-2203
4266
-6300
-76
2741
-3842
1890
-7616
2002
522
-6194
-1528
-1767
6313
6123
2719
8463
1011
-5121
2593
7587
3260
-1929
2255
-2651
9575
-3882
4058
4272
4215
1340
9761
-4437
-1766
3700
9976
-4939
2462
3442
9780
-5134
8052
-654
-2137
9746
-5540
5692
-9263
9369
5573
-5545
8855
-9433
99
1611
-1283
-6012
-2783
-2761
5925
6751
-884
7068
5203
7234
-9676
7951
-6566
9685
8797
2963
6743
-943
-9732
-8520
9015
-9671
-8935
-4691
7931
-6540
-3679
-4212
-6509
1487
-4227
7991
8246
-7351
8210
-3355
-8814
-4112
8241
-9338
7216
1422
-8747
2899
-7596
5354
9445
6070
-7856
-2590
1366
-85
-4651
-3626
-5111
631
2642
9929
-2954
-5924
5385
6450
5801
-9237
6824
8813
1307
2720
5254
-5027
-9567
3187
2396
-3202
-1834
-7064
6292
3495
-8569
-8719
-9734
2484
2614
6139
-9187
6316
337
5465
-9870
-6606
-7162
5014
9010
6388
4109
-1303
3981
1141
-7756
2102
5850
-8037
1001
6520
-7361
3697
5778
2170
7626
7368
-8881
2162
-1098
-2013
7334
1723
-3768
-4040
6067
6671
7373
-2955
2884
-1520
-6303
1157
8513
-2517
1751
-5303
-9776
1955
-4584
8024
-623
1260
9748
6813
6705
2785
-6595
2563
-8336
-3930
1818
3563
2424
4668
-1282
3134
179
-5167
-8809
5131
8433
4080
-8911
5660
-592
673
5374
-6000
-7264
-9981
-1779
-9358
9677
8088
-4300
-1652
3498
-2697
7224
-9730
-9130
6564
-1424
9520
-4335
1058
7962
-1637
4398
56
7258
-3722
-9345
-6833
-4222
-877
4960
-9580
-2154
1136
5855
-7184
-4214
1210
-310
6620
-3450
-6709
2699
-4728
2098
4821
8565
-3521
5589
2733
-8667
3087
5469
-1920
6530
-1512
-3359
-9731
5783
3325
-7202
5608
-6862
-8247
499
8142
6712
-8349
7276
7663
-6738
9369
1313
-943
-719
3910
5447
-2800
7245
3883
-2855
-6068
9824
5893
7146
7325
1580
-9615
-2347
7224
9731
-8747
6538
438
-3373
-9110
4647
9865
3400
-1140
-8237
1330
-7142
-4899
-2808
1675
-2091
4788
-1508
3914
-7266
-7796
9098
-9421
-8521
8451
7300
-8855
7318
-9620
6307
7885
-7845
5380
-7600
431
4045
-54
-112
-4234
-2671
-1322
-4529
9410
-6703
-573
-6362
1685
-7216
-247
7736
5478
-5048
-1254
-1068
4832
5081
-7494
-3330
-2191
3724
2000
-8437
-3917
3429
1833
-2402
9047
-8871
-9070
-9488
-3001
5966
-7848
8634
-1967
-5408
-90
-5291
9866
-1912
-5713
-2196
-9534
461
-437
-2235
841
-6529
8839
6853
7842
6816
8245
6848
-6612
-8585
-1841
9247
-3932
4368
-5899
-1991
8819
-2846
-307
-1191
-7494
-7449
1219
-4033
3961
-897
9469
7534
-7851
9397
3435
-1930
-4072
-6067
-8272
-9409
-5825
2264
-3273
2981
-9085
7644
-1862
7100
4
-7014
1699
-9427
7151
-7353
7906
-2491
-9478
-7885
-2214
2600
-2783
9015
-8574
3926
-9871
5257
-9995
-6537
-9618
-9286
-7866
-642
-6634
8522
1751
3002
-5428
6422
-2227
1260
-8188
3998
8587
-3127
8777
-1444
-9711
-6854
710
8897
-5653
808
6837
-2493
7388
-7405
8754
1058
-2747
6525
-7006
4306
9964
-1623
-8391
-8730
7610
-1322
5605
-4923
4839
9883
-4304
-4093
-3553
1565
-9456
2515
9445
7393
147
-810
-8016
4907
9589
-8161
7122
5398
3556
4298
-8820
9742
-9190
-1668
-4003
-6683
9889
-4964
795
2165
8633
-9088
2465
2834
1356
7527
4957
-8478
1121
-7408
9291
1980
1904
-1547
-1760
4686
5586
8223
-9263
-1589
-2824
8305
-1453
2280
5655
-4711
4443
6159
1268
4833
-483
9496
3790
-3634
-9312
-5045
-2701
-1663
6416
-8539
-110
-6081
907
-6268
849
-1072
4591
-7435
3692
891
-6386
-6122
-7469
-4582
7345
3500
-5563
731
-7107
7023
-488
6019
4216
5520
879
-9232
8866
-2366
6629
-6828
-601
-4916
5906
-3452
-1925
4085
-7395
-4447
-2012
7599
7205
6023
8161
-1339
6056
-9157
8141
1289
8722
9216
-1578
-7730
-9242
827
9134
6532
2634
-1765
-5151
-558
5512
-6089
3563
7750
-8798
8371
-6438
5
3112
-3963
-7681
6624
4596
9060
8548
-1613
-7745
3086
2746
-4909
-2473
5591
929
-2618
-3673
-3412
-5043
1212
2044
-8619
-1177
5906
2778
1056
-9712
-1101
-4849
-8565
-2524
458
-1377
2201
3327
6525
5336
9643
-932
-2637
9727
-5049
-8385
-3091
-8489
-8821
6310
1153
-6970
-9581
3271
-5895
-4222
9857
1817
5229
-2723
-6113
-6548
-1748
-3
7063
-9198
-682
5281
3894
6495
1955
7285
-9359
2820
4372
7157
-6915
7268
-5130
4476
5209
-9412
-4858
5816
7837
1856
9440
7355
545
-8453
6909
-4222
-9385
-4357
1146
-6737
-9608
-544
7936
-6996
284
-4186
4452
7116
9442
-9798
9204
-8281
-3955
-9744
-2198
7384
-4670
-4740
836
8047
200
-8600
7565
9796
-9793
-6106
568
8641
1569
-6619
5136
-2524
-3192
-774
2839
-8198
7379
1567
-3565
9038
6295
1802
-4873
-2509
5464
5785
-5730
-1093
-5441
6963
-368
-2614
-6344
-9998
826
-4477
6282
-6952
8537
2491
-9931
2580
-4908
1964
-9468
-9009
-3515
-8664
3596
3509
-3873
2191
-8104
-8324
-5887
-6351
-6425
-9977
5932
5817
1920
602
-7479
5995
-7085
8614
5582
-6903
-5623
7270
-2866
230
6844
8057
8569
1549
-7056
-9722
-4381
5764
-4653
-5808
-6320
-1254
-1521
2971
-262
-6946
-190
-6664
4698
7271
-6301
-4566
5823
-2994
7110
4502
-9281
-5033
1493
-1105
-4302
1483
-7164
-9764
-8593
-2713
-4265
3429
5734
6602
-5880
63
4107
7952
-8489
-974
5965
467
-7698
2605
7813
6172
6012
-8472
9848
5584
6272
2489
184
2854
6236
4898
-4125
-5263
-7986
6422
2603
-2364
-4283
-9090
4095
2975
-5028
6696
-1344
9549
-6120
-1944
2116
-51
9699
8645
4471
-1187
1651
-7970
-9763
-9123
4187
-2679
-7412
-7655
1443
-788
1303
-1771
7417
8870
-1643
5932
8387
-1813
-8116
-1101
8321
-5595
6003
541
-7726
-5995
-83
-1636
-2959
-7968
6484
-8523
-1942
-101
8907
-9372
5134
-7379
6843
-7064
-7122
-3087
-1133
-4862
5894
-2193
-1268
4990
3204
-2137
-122
7338
-4174
-7137
-9103
6388
-7053
-7709
2233
471
-1333
5217
6639
-2768
6926
-9418
-8294
-1448
9608
-3263
6076
-8516
8453
-7934
-7429
2427
-6035
-4306
5403
-8329
8714
-1288
-1964
-6797
4199
-6325
5432
-6441
-5881
7918
-1798
-6275
-3377
-7140
7791
9420
-3757
3734
1510
-4939
6376
-2597
1369
-9937
-1889
-8523
8389
-3219
4580
6658
-9175
-8911
-4184
9379
1940
9404
9333
5140
-5984
4484
-3069
1605
9491
-4640
-8360
-9464
-8070
2615
6387
8752
-580
-9106
1972
1948
-8931
8015
-8720
-7849
-9497
-234
484
-203
6756
-5349
434
-8304
-2430
-2549
2976
-3063
2866
3721
-732
434
7774
4311
7168
-332
-7225
-7353
-1361
-5861
995
3306
-8162
3120
-6970
-7280
-1214
8381
2805
4063
-4516
1067
-8704
-6891
-3628
4941
2424
-730
-5465
-159
-4037
-1185
-4848
9010
3006
669
-1311
6684
7000
1859
9892
9333
6698
-841
-1160
8407
-6158
-817
2191
-9314
285
6868
-1835
-5883
-1026
4029
3794
-7082
9059
-6868
-2012
896
-8979
2182
4035
5980
-9608
9315
-9130
-8987
2190
5694
6602
-4068
-827
8846
3881
3853
-3357
3544
-3712
3116
-1406
-7487
768
-6793
994
-2782
9884
-2884
-2018
-9695
-61
-6970
4003
2650
-2713
8402
588
9630
5527
7288
6141
-1343
-4926
7106
-7565
-8110
2407
-1282
4565
-5955
-371
-939
-6146
-3911
924
-7601
-4545
3701
-4406
5237
-5577
9482
-9621
-2
5562
4513
4511
-3172
9001
4050
-2677
-9871
-3546
6414
-4279
-259
-2920
2301
-4066
-4603
-1076
2512
1057
-7755
7339
-5744
9472
-5158
-7543
-7389
-3766
-7079
4072
-881
958
456
7381
3904
5762
8691
4235
-9835
-2815
3698
958
6
8312
-3159
-4070
8275
6652
-8252
1982
-4439
-2973
-4885
2325
372
-851
-8999
-8725
-9769
2725
1897
-9081
-7717
-1253
97
-4368
3470
4541
2043
1335
5151
-9355
-7193
-1459
4274
99
6177
-4437
7953
-1792
-9084
1366
2845
2675
4106
4805
-2231
-6228
-2750
-8501
7655
3534
-3314
-6908
387
-8236
930
-2455
4598
-8061
-1470
-904
8161
-97
584
1778
3164
9148
2730
-3463
-6328
-964
5327
-8547
-8092
-2527
2862
8040
6490
1047
-6598
-3672
814
7858
-9034
2304
5941
-4574
9316
6582
-8164
-1545
9638
-9806
5123
3532
-4609
450
3478
7921
3501
-7230
9068
328
1984
-5276
341
7222
-7133
-2067
-11
-607
-2081
7664
5198
-9710
-9958
7510
6465
-324
2965
3543
509
-9265
-5020
-3207
-5244
-1602
-9256
-9038
5844
8812
-3070
9139
6838
9341
6480
-5682
-3034
8922
-82
-8361
8664
4680
-3278
-2827
8915
6108
3921
195
-7847
-1834
9462
6875
669
5020
-2204
-4380
-7271
6038
6131
-7224
-8597
4375
9660
-7280
9089
5250
3444
-3488
-7163
5035
7929
7272
-3424
-5898
4525
4677
6422
208
-9939
-3294
-6027
650
-2145
6592
1827
-100
4747
4083
3484
-8588
-7591
-718
-8204
-7023
-8810
-8837
-8352
7716
4194
-7979
-5043
-1496
-1378
7662
-6442
8758
-2769
4954
9339
812
-4259
-7973
6046
3855
-8257
-1623
1067
-9200
-9822
-861
-118
8817
-6398
4137
-567
6711
-9322
-69
947
9311
-5527
7168
2360
-9540
-9155
-1940
9115
-3396
4112
-7740
-9836
5196
-7266
3394
6123
-1350
5121
-6257
-827
-7521
-8498
-313
-2619
-6123
-23
3125
-6124
-6235
662
158
2498
2244
2101
-1580
8002
-7924
1388
7703
-8029
8127
-8139
765
475
2784
936
6653
-5197
-5650
-6067
2969
-4231
3037
7120
1914
-1909
-7175
-184
-976
-4357
246
-5626
8817
5553
-6245
8210
183
2994
-3868
8708
-7953
-130
9190
4121
-8863
8842
9745
-2737
7900
3995
-9626
9677
-9491
-2344
-5394
9362
1288
-7789
-2063
-6736
3838
-6322
-5157
2591
-8279
-6840
9265
-3975
-2444
5841
1204
5144
-3322
-3862
-4891
-9520
-2460
2484
-2169
9333
7321
-171
7403
6885
9052
7507
-1616
3783
-4318
8290
2363
-9407
-7750
-3782
6319
-6945
8279
5087
1766
-2344
7039
412
-4771
3462
-6586
-8115
-6
3115
5110
-1571
-1506
3870
2818
6440
-7498
7952
2036
6441
1152
6055
3573
-1579
8070
7869
-276
-2069
3516
9378
-7281
-482
6578
-6702
-7456
7057
9431
-8154
-3450
4293
3417
5324
-1523
-3523
6666
-3144
-7467
390
-8685
-6878
7608
7825
-5270
7209
-266
3265
2519
-3507
8034
3792
555
-2384
-2912
2146
4274
-6116
-9077
-6420
-1225
373
8373
-8567
3572
3034
8049
-6864
300
-9553
-7696
2660
1543
-781
8656
6193
4700
-5389
-2274
-2496
-7967
5848
-8617
-1101
-9049
3562
7011
-945
-5637
7722
-3399
-1714
4430
7743
-7265
-7702
9960
1185
-7715
5460
-6575
4409
-4317
3305
-2334
-4713
-4753
-4125
-1260
7060
1650
-9040
5444
-42
-4964
2527
702
3274
2641
4716
5360
-6216
7338
7119
8799
-2275
2281
-9722
2692
-6483
5249
-2669
-6523
-5917
-3056
-4466
-6967
-1050
-7054
-7582
-4092
7269
8053
-8894
8798
-5356
6371
-191
-3140
-6920
-7279
-5452
1728
8016
-808
3556
1610
5675
8887
5813
9858
7753
9199
-8466
-5116
3033
-6064
3527
995
3870
-7594
-4450
-1989
5283
-9779
-4475
166
-7410
-3915
-3893
-46
2341
742
-4801
2041
116
-6010
5104
-653
-5441
9183
5185
7019
3555
-3404
-6516
-3979
4326
6025
9684
-3613
3514
8893
-1368
-5523
-1648
-1933
-4584
1776
2624
-8442
-2768
8884
2779
-6911
2258
5866
2443
-4595
-5589
4397
-992
8995
-1373
1971
-6500
-6574
-7956
-4765
2832
9127
-3718
-1925
8793
958
-6653
3332
744
5136
5176
-4314
4322
718
5588
4687
9184
7474
573
-8621
-7874
396
-1105
674
-6863
3902
-4981
-9137
8562
-7343
2630
9362
3631
-8308
9646
5846
9250
3453
6248
-9300
2184
-4863
-8919
-8483
6967
7126
-7275
8464
-3698
-1081
6321
-7924
6302
-5086
5061
5390
6031
-2960
7499
-258
5570
-1788
-1941
9172
1550
-2120
5484
9939
7297
9523
7987
4137
6487
6376
8961
2042
2032
9845
-9887
4665
-9531
2249
-2319
9271
9157
-3804
2512
-6716
9402
1368
-9024
8335
2641
9138
3136
1499
9251
9770
4477
9416
7583
-7018
9176
5905
-2778
1849
1945
5426
9252
8444
6774
8770
3919
-9120
-1363
4046
9524
9164
3162
2925
4535
4288
9658
4048
-3093
-5486
1567
3495
4103
-9556
9397
-5933
4951
6410
5010
470
792
-2767
5763
-8537
-2490
-5310
-8599
746
5472
203
9293
5215
3188
-7415
7769
-2725
1148
389
-6386
5676
-8748
-7760
6064
9176
5121
4191
1246
-5896
2554
7339
-4679
8768
8618
1044
-5359
1313
1644
-7549
4891
-2513
2254
6291
5131
514
403
-8708
1791
1333
-2225
-1480
9435
7653
-4200
4183
-268
-7763
-2073
817
8786
-5267
-6779
873
-6953
-8251
-5649
6568
-8001
-2312
9626
-893
-8216
5960
3041
-5444
3393
-3329
-1988
-651
8886
-2941
-946
3164
-57
-9128
-2218
3637
-5593
-7904
-7423
7030
-7210
97
5094
-2970
4898
-2011
5973
-9023
1236
-4719
8928
2063
452
2367
158
-1889
-630
8021
-8351
6947
1880
1009
-3672
2790
8865
1936
6604
-476
2351
6930
-6589
7468
4414
4417
-6657
-4081
3930
-9257
-1229
7657
5040
-9079
2918
3572
1445
9804
-1833
2911
6120
1483
5168
2522
5819
-4754
-3956
-391
6819
-7032
-799
-6612
-7970
-2027
8951
4928
-8286
-512
4145
-805
4646
-9634
4664
-7777
-968
-5324
9494
-5079
-3746
432
5452
-2285
1959
5624
-7078
7062
-894
1915
7614
9295
6501
9311
7501
1964
-3624
-853
6205
-1376
-6258
1412
7319
-7570
6726
-185
-7327
5606
-3284
8036
-4760
6993
4295
-102
3843
8429
-2221
3610
-1841
-1389
1916
-6038
-8922
8379
-3329
6376
-5716
-4271
-7951
-5131
7749
188
7498
-847
1921
3351
2676
-3846
-7874
-799
7653
-1595
937
3167
-3541
2666
709
5613
1299
544
4254
-1264
4792
-8349
3412
-3380
-5340
-2400
3287
-3433
-2524
5025
-730
9379
9500
2325
1767
4765
-1716
5723
8192
-6344
-3388
7237
-5115
4347
9784
-5233
5569
-5570
-2105
8474
5762
-5443
7247
7658
-4358
-1301
-2611
-2994
7223
7151
3697
5457
1226
2175
-8077
1677
6456
-5456
2965
-3927
-4312
7685
7639
-9390
5997
8047
-155
-9742
7481
3920
7617
9652
-3347
-5987
9052
-1706
-6855
-8935
4974
-8800
-7922
6885
6399
-5202
413
4285
-1888
5812
4974
7122
-3145
-7266
5171
302
4790
-687
117
7971
643
-4978
-4182
-4843
6564
8802
-3501
-9966
-6669
-9005
-9540
-8
-7979
-303
1263
-2523
6881
-4592
250
9808
500
9627
-5680
-4704
3846
-4621
-2
-1351
6239
7345
-5117
-3672
-7657
-9900
-614
-7113
-5598
-148
-5392
5174
-4436
-339
2757
2701
3034
-2933
4746
9516
-4396
-7243
7215
-1316
9155
7838
7079
-9784
-8049
-8422
-7540
9824
6369
8121
-2535
6211
-8942
-2138
5094
-160
-3612
8779
-4702
-7866
1436
-5298
-3694
1179
-720
8041
4063
4506
-7639
3508
523
-8920
-5439
-3668
-1462
-5280
-979
-6537
9813
4095
-950
7464
-4612
-4964
2980
-4901
-6852
6248
4819
-5399
3965
3854
-9121
-2844
-108
-8820
1410
-8230
-5345
-906
3297
2340
3482
-5806
-800
3495
9769
6773
-9983
7282
5677
6691
6831
535
-3118
-1735
-711
-2498
8308
1962
-5914
1008
6111
-3687
6082
6258
235
-5833
-2585
8142
-9385
-4190
-4110
5134
8839
7521
-3256
3077
8030
6967
-277
58
510
6996
-2394
-3558
6619
-7174
-1220
-6692
100
4581
8925
-8344
-5708
623
-744
5438
3824
-6734
-9615
1632
2977
-2332
-5848
6786
6272
-295
-2914
673
7342
-981
-3641
1117
-7494
-617
9259
9671
6999
633
6828
-633
-9844
-7006
8981
-1400
-5594
7145
9733
9632
7817
-9239
-9428
8996
-9290
-791
2903
6096
-6574
2699
-5670
-4063
-7614
4163
-6542
-7016
-3799
-587
2175
-6364
-864
-829
8388
-186
-1692
-7258
3736
9956
-4217
-8186
-9488
5960
5831
9975
-8155
3772
3060
-3473
8941
-3833
-1204
3875
1333
289
-845
7653
6505
9537
8547
1831
4034
-3430
2832
-8710
-7061
-1313
6752
-2418
-8588
-6930
-5012
7071
5469
-2256
-777
7759
-4821
-2263
9288
-6199
-8254
9388
-653
-9642
3891
1960
-6356
-7617
1744
-7091
-1602
-9005
-2430
-5560
-2287
1924
-1419
629
-7356
-7268
-2594
-2953
-3372
-5043
-5677
390
-8289
-7555
-4646
-7193
-3710
-9767
-3668
-8341
-1388
5066
-4967
23
848
-6010
-359
4024
2140
-6842
-7167
-5255
-3577
-5865
5491
-854
9711
-4877
5277
332
-4291
6492
8426
1596
-9393
948
-6028
9922
-3885
2307
5744
1698
547
-4022
6587
6253
7018
-8972
-6559
-1634
-5225
6139
-425
-8608
2583
-5583
-3279
3290
7438
7618
-4574
-3358
4782
-831
-9434
-8974
-3113
4005
-1054
3023
-4037
-4615
-1286
6832
7024
2342
8547
7399
-9323
1807
-8718
-6287
-3939
831
6471
-9247
409
-3753
8309
-7687
6563
1924
8679
-5038
3323
5623
57
-7022
-6961
387
-7307
3566
965
5107
9078
-8385
-4544
7704
2516
2880
9276
7444
1279
-9535
5449
7434
-2946
6531
-1282
-1316
-8090
4733
-7015
4227
6176
-7421
4065
-1686
1686
9253
-9411
372
8227
-9518
6436
-3888
7726
-6524
8552
4809
-479
-3043
7770
3684
6261
2216
4748
-3147
-8434
674
2532
-3607
-7888
-1609
-6445
-9446
7972
9913
7386
4928
-883
1791
5778
-3002
-6990
8109
-5113
6138
-7254
7235
-4296
-6762
-9966
3869
-8635
2832
108
-7065
-5851
6359
-8845
7796
4090
8335
9727
-5041
2369
-7364
-5459
-2296
-9719
-5146
3199
688
2424
4864
-1292
135
-563
-1637
-7160
5587
-4794
7644
-5902
3277
-9565
4729
346
4665
-2928
6987
-3616
5586
5530
-4592
1216
5452
-3954
-4044
6265
1585
540
-3204
-9319
-9430
4940
-2710
-8901
-6386
-5969
-1879
-5279
6047
-736
-7709
9029
-8145
2157
4055
2075
-8331
2983
3741
-5919
3969
-2446
5508
-9610
-797
-7500
7046
-4139
4200
-9783
545
-2193
6797
2396
2273
-4822
2741
-282
-8148
4596
-5397
-560
1151
-7049
589
-1927
6508
5539
-3785
-8134
8613
6075
1961
4904
4309
-6911
8504
7606
723
6637
2624
5477
334
-5435
-2420
4006
9168
-6005
8449
-9081
-3543
3562
8297
8977
9603
-5589
8811
-3432
-7388
3047
9119
5252
7311
-3567
8693
6862
-2674
7137
2730
-1500
4034
-8512
-2158
1514
1073
2483
-7979
-5687
4296
7038
-6111
-9869
-9908
-6828
3270
-9279
9012
-3975
3859
-3847
9383
3134
1985
7428
6943
1365
9487
6804
7612
-326
-2601
-9815
-2102
8995
403
-5114
-4961
-5140
9441
-6019
301
-8341
-3857
2787
-5077
-9610
2347
1429
-7191
8191
2280
2366
-1037
710
5525
-6673
-9823
9335
-1655
-2182
-9179
-9330
-4966
-5766
-7751
6748
4206
-9312
-932
4395
-8671
-8521
-6961
-8132
5697
264
3332
299
-6676
-1221
3413
3772
3102
2400
-322
4320
-1113
-4730
637
3616
-5768
9326
1829
-7219
4536
-90
3812
-3532
-5179
7447
-7328
5949
-8935
-8466
7329
-4528
-4379
-385
7409
9388
-7357
-5394
-5703
-1176
9282
3939
-2466
7884
-7748
-4858
-3519
8638
7134
3844
-4217
6067
5580
8848
388
1714
893
5147
2236
7559
-8797
7713
-3795
-8871
-1469
-727
-8868
1461
-5345
5418
-6228
-1575
-6326
2905
9732
-5432
-1332
3624
-4250
9652
-479
-7378
283
-356
-7696
-9759
-1177
-7819
554
350
-8639
7057
7967
-7963
7477
1778
-3456
8144
-3880
4836
-3613
-8704
-5838
-5063
-6359
-1912
1355
9170
260
5029
-2182
6
4930
-1632
1002
-7321
-5384
8612
3393
5432
8651
9091
2411
-5500
-3128
8144
3438
-3094
6675
1648
-891
9225
2288
-6765
-4318
3332
-4742
-8615
4367
4958
3869
7402
1575
2364
-4414
9260
-4534
7254
-4377
-5680
3821
-8345
7453
-1314
-7083
6294
7554
4412
-1061
1712
460
3363
-2458
7542
13
-8387
4374
-9189
-4974
-4943
6747
4888
3435
-9787
2790
605
7007
-9447
2562
8594
-9968
-524
8191
2103
-7479
444
-2934
-4833
5011
4464
8346
2127
-5539
-2789
-4000
6191
-5262
-7432
-3485
-9708
9536
1514
-3237
8596
9280
-858
-1309
9826
-2485
-4073
-1228
-6060
-9043
5961
4741
-6897
-7327
1146
9624
429
9301
6964
3957
8363
724
-3097
3454
8276
-4492
-4951
7632
-6309
414
-5309
-4347
-2862
932
-9107
4409
8925
-749
855
-9184
8745
8447
8924
-6687
-5875
6690
-1409
-9573
54
-2089
1692
-8846
-5822
8233
-1571
-3428
-7255
4505
9831
-9441
-5565
-7768
8753
-8596
-1359
-354
-6814
-4087
-4365
4032
2100
-1279
6924
-6961
5274
-7138
-1570
3925
-1046
1600
7800
-8071
5116
5989
2644
-4002
2362
-8798
9025
8572
-7254
9991
-4071
6494
302
9422
2313
-4340
-4209
4616
8677
1073
-1469
-7509
-7621
1491
-5149
9283
-2295
9446
7358
-2121
5318
-2968
3513
9907
-4171
-1307
3319
3384
-4449
225
-9502
1322
196
-5455
-7218
-2738
4097
895
7320
8496
7602
-2815
-9814
5686
2979
-806
2854
4412
1087
5447
-9944
9969
-1377
7787
5249
669
-5059
-1926
2654
-5203
2302
2101
-3237
9903
9831
2980
-8794
-7683
1337
1260
-1700
5223
-698
-483
9517
-6744
2855
-6223
-5277
-5661
1824
-5503
8789
-7133
4568
1096
2607
-3109
3789
4648
-3888
7500
-5663
-1602
8756
-859
5461
9624
-8067
-6908
-2471
-5175
-4657
-4862
5856
1361
4147
-8077
7757
7060
2118
6025
-468
6135
-3094
-9217
-813
-3267
-6759
-4200
1203
2641
3168
-4001
-4772
-3694
-4275
-2779
6911
-8788
-316
-9045
-5623
-9820
-2211
283
-624
-5118
757
1501
7382
-141
4577
9592
3459
6541
8044
3787
840
1020
-8167
5846
-2481
-1760
-4444
1920
3975
2676
4915
-3141
-8449
-9778
8711
-773
-6546
569
-9455
-4333
4781
-1584
6630
-1310
-743
9909
-30
-340
-7451
-7938
-2950
6299
-4110
-3437
-8704
7783
-8633
-8535
6541
-1025
106
-3257
-6762
-7110
-6081
8108
533
-6063
822
-347
-26
5079
-598
-2497
-7627
78
-4615
7171
-3860
-8801
4853
6778
2517
450
9636
7569
-976
-1710
8136
5430
-8713
-3027
3300
5784
-7615
-4147
4500
1241
-64
8492
5892
-6636
-9412
9975
-7423
9742
-2312
-9585
3793
9773
-9824
-2085
-9122
-4595
5914
-383
7647
-6290
8832
3851
6908
-9580
-4998
3643
-1531
6900
-7413
-8300
-7330
-6665
-2447
5758
2599
2174
-9726
-4937
-4900
2730
7588
6339
-8639
6113
-1645
7808
-4258
8120
6327
7226
-7524
-1362
3250
6288
-2457
1432
4384
-9063
-819
5037
-3911
-9863
2474
4960
-1299
-8158
204
522
-4474
-4278
5453
1837
-1041
6647
-819
-9762
1899
9983
-7229
-3534
-6326
-157
6805
4326
-9746
-2649
8731
7427
7145
8084
-5170
6996
-7638
3972
-9471
-1072
-8234
-5599
-774
4684
-1980
4058
3452
3884
-6000
-3865
6318
-1211
8984
5848
-8750
3444
-7635
2814
7124
-6408
8053
7284
6200
25
4633
-8630
-2146
8130
3826
7165
-8593
-54
6541
-2273
8939
-8595
-2542
-2557
4868
-6618
7067
5863
3631
-4534
6862
1731
-7479
-4126
9545
6661
-6840
-1796
1074
-1167
682
-4488
1750
3011
7766
-9500
3715
-7800
-7228
-7789
-1495
-8244
5655
-1163
-6372
-9286
7498
893
7175
604
-9522
4865
2894
-298
-4596
-5491
2357
8200
2664
-8264
6974
-4114
886
4847
-8256
-2583
831
-6151
9007
-9166
5884
9795
7670
-5835
5753
-9080
7175
-2254
1978
9855
-6902
-3150
3270
9001
939
-9220
5618
-4008
-1959
3657
9617
4059
-4907
-7119
-3422
-1916
-6349
-1359
-1924
5542
-259
9433
6344
-7907
-2942
-1835
5767
-168
-8054
-4494
2509
8589
6058
7861
9160
3363
-9768
-5952
-326
2216
4835
-9111
-4511
-2411
-6306
-7055
112
-9948
-7505
9590
-9692
7824
4651
6386
7079
7966
4714
8148
-2243
-8438
3032
-4692
-6915
9406
8153
-1866
-404
8360
-735
-9863
6142
3046
-514
1563
-4726
4398
846
3437
2028
-9030
-9783
6087
4464
-3786
300
5890
-9942
-3863
-7837
-9876
-5296
-535
6072
-269
4275
1316
-5255
-9107
-7760
9069
556
2817
-4400
-246
-3871
-7645
2029
-7657
9175
8496
718
8352
3009
-9332
-2569
1773
-6007
6562
-5795
1759
4975
5938
-5803
7599
-6211
5220
1499
1338
-6885
8375
-6
8166
1414
5659
7985
7487
6675
523
-5015
6660
-9338
-3604
3119
-6207
-2473
9926
-8745
-8760
-7395
-8345
5563
-9451
-1239
4534
1057
1292
7822
-4890
3403
-2010
7325
-8378
9630
-4856
-4376
-3435
4862
1150
-7663
1778
5506
-1283
4266
2582
7454
-5378
-1146
-9432
-8290
-8009
-269
-9820
-9797
-1173
5083
-6300
2521
-6980
-766
-9940
3906
-5666
-6866
3537
-8156
-3688
-8938
-1422
3927
-4290
-5352
-4287
-6525
-2588
-5043
22
5446
4989
-1259
-1466
-2653
5615
1368
4020
-9122
7434
-3924
9224
-4478
-3399
-1297
-7984
4845
-9078
6886
5062
-2507
5891
-7744
7862
-6444
719
-1700
4319
-6437
-3957
9892
6027
6562
9604
3503
-6332
-475
5115
-3317
-6399
-2464
-5791
2086
7067
-3101
-1644
-5314
-7648
-3919
9380
8902
-2463
5134
-6482
5234
592
637
-8905
-8738
-1125
5150
-1312
5564
-564
1239
4655
-3030
6820
-5391
-5134
6277
2574
8297
8273
3353
5097
6587
-2472
-7478
-3449
-841
7802
3650
-2447
7654
-6291
-700
-477
-2149
-5750
-4119
196
665
2931
4991
-8470
2462
-7061
-7183
-3500
-761
1315
3704
3527
-9643
-4393
-1546
1566
-1428
-646
5523
6637
-666
-2764
7974
-5807
2510
2809
-6326
-7011
-6153
-6135
3517
-7491
6748
40
2663
7631
-8214
7434
2915
-900
-6566
9828
9980
5716
5873
7945
-5939
-2372
-7350
-1638
-6383
7152
-3504
-2250
5055
1617
-9054
-8537
-4783
4398
746
-2445
-8630
-159
7782
-2388
5002
6834
-6588
-2458
-4656
-707
1356
-3362
379
6704
-5840
-6613
3766
-3183
-9098
2372
-2126
-2861
-9873
4687
3679
-9116
2126
-3793
8560
-9798
160
8482
5967
-6860
9608
-5873
-5
-821
-2972
5111
7934
-9365
1161
8928
5026
9531
7162
4502
6206
446
-5193
5513
7307
-4937
-6194
8666
2378
-857
-9993
-5757
5230
-3961
1778
-3396
-2761
4956
6046
-4145
334
8677
-335
-4989
2121
-1136
1798
2849
2012
2698
4178
-1306
2988
-7331
-1067
-2867
-782
-6531
3673
-5833
3456
-7187
1598
7387
5969
-9139
-2933
3570
-8590
9045
4846
-5052
-9806
-8644
9501
-859
4654
77
-9502
-9681
847
-1050
1980
-5921
-8487
-5451
9927
-7802
-3411
-3228
-9853
7132
-7175
5050
5332
3875
721
-194
-1844
4076
-8266
5526
1564
-4850
6558
211
-1687
3374
6516
250
-4389
6215
6066
-1761
4915
7433
74
-5640
3579
-7158
-7783
-9333
5404
-8804
-4347
-5152
5658
3421
8006
-5958
755
4384
-2144
1295
-4685
8963
-9397
-8273
-9952
6947
156
-3528
-4316
3719
-6178
-8982
3333
2964
-6048
-8736
7003
3951
2974
-2404
-3387
-664
-9117
7580
8258
-1012
-9102
7056
-7450
9536
-8542
9719
1745
-7527
3709
-6081
-9496
895
-1089
3186
8798
-4854
-6493
7541
-6274
8696
-8826
2574
-2113
-5408
-959
-7088
6391
-7541
7771
-9408
109
2265
-7232
5946
-3424
4517
-4114
-163
7774
8435
9199
3047
-6414
1701
301
-5750
-6331
1855
9064
-5612
8471
-6097
4310
6962
-9600
-5658
1014
9307
-1141
-8584
6730
-4955
-4451
3031
191
-2174
-7287
-8674
591
-7231
1006
7838
3674
-1121
-6824
-7232
-6077
-2349
-5914
-5876
-6069
-632
8788
706
4802
-8663
-1370
-9399
-3523
3689
4804
5348
5937
-3800
381
2989
8173
404
6115
7895
-4330
5189
5134
9963
9311
9309
2426
-5438
1881
9139
749
7888
3947
4596
4271
-1090
-2333
-4314
-102
2646
6580
-925
5636
-7208
3443
-3329
5516
-4701
1085
-8462
8511
7873
6277
86
7695
6143
-439
-8885
2040
9069
-8670
-8868
8617
-3437
5962
-9373
6042
-1497
1414
7008
4828
5292
-4633
9232
-1720
7385
-2739
3873
925
-7185
-5243
-373
6756
-5995
7769
-5213
7116
-9029
-1066
-6051
-9393
-5398
8259
-7488
4815
8076
6042
-5961
-8813
3169
-7174
-7375
-4664
3461
-1553
2663
9045
-1411
706
1565
-7154
7679
-1884
-797
3412
6261
8798
7322
8373
-8202
-4397
2222
2091
1963
3529
-7130
-8717
-6786
-528
-8932
-3665
1567
4901
7125
1203
-6121
-2813
6634
1942
-5827
-5491
436
482
443
-1488
-114
6782
5339
-3567
-1732
-4026
3179
-8041
-8604
-1615
-2775
703
6235
5526
-6876
252
2862
-7739
9438
7802
363
9793
-9373
7082
-2355
4316
-7931
-5936
833
2594
-6376
3509
1503
3215
3630
5129
-5334
-4153
942
9441
-5475
6542
9057
1236
-7825
-1775
3391
4671
-1765
-9769
-6513
-1548
3382
1530
-883
-5924
2997
8739
2981
-2382
2780
-3685
2172
-6322
-2206
3378
-3367
-67
-4783
6940
4812
5901
-2275
-4239
-2572
2682
9792
5913
-5294
-4619
-6759
6089
5719
-9558
4176
7468
-5238
226
2816
-3928
7680
6315
3245
-2916
579
-6721
1113
-1815
1546
9226
6543
-1400
6279
3963
-3659
-1197
6248
-6248
-8145
-7303
9130
-3271
4592
2767
5355
887
1169
8440
-1213
-1187
-1894
9165
-7645
-784
4899
1902
-3045
2393
3077
-2842
-5210
9672
9409
-6382
-1787
6780
-3781
7952
2076
2176
-2767
-8621
-9582
-7690
-6556
-4554
-353
-7920
4501
-4362
-1985
1713
6506
5868
-5616
1182
4613
6385
308
-3620
-5548
-8753
-5885
-9263
2913
-9645
3659
-6600
-257
8425
-6384
-8908
-1708
2009
-5330
6149
8762
9672
-4422
-5056
5439
-2968
5739
-9456
3692
5334
-1688
-8555
8452
-6755
5970
-1203
2124
-8045
7178
3595
-6231
1081
-9304
-6107
-6960
7803
8272
4202
-5511
-4378
6394
6534
-9126
2299
35
-6956
4060
-1014
-428
-398
-7147
583
73
-8364
-3700
3585
9187
-2318
3776
959
7075
8591
-6381
-7616
9657
485
3182
3912
8641
-1533
8752
9205
-5924
2421
-7491
6320
3820
1375
770
9072
7386
7572
-2405
9753
4993
9215
-1695
-4155
-2755
-3877
-7859
-5785
9913
-9212
-1860
-7671
4417
6132
1179
-3968
3523
9731
-9588
7983
-9059
-1348
-3259
-6649
1773
4762
2183
2483
-1762
6613
-1217
6798
3431
901
5025
7697
2060
-3150
-7794
-4693
3256
-3999
9058
-8072
4858
1732
2880
9749
-5612
-7224
3632
5817
3375
8266
-6838
-5220
-795
-8337
-7568
946
8048
-1235
-6257
-3678
8277
9179
-8372
2303
-3432
9277
-2025
253
8896
3856
-9757
4050
-3308
6552
-3011
8674
-9041
-5207
-9407
1155
-2468
-4061
-376
2389
4344
3872
-5900
196
865
9671
-194
9346
5353
3992
8923
-879
-4168
9876
-7153
-4797
-1144
6224
525
-2923
-7520
-2495
-1380
7926
1100
-5198
2297
-5348
-408
-9809
-802
1694
7440
-1761
4564
-3003
6336
6126
5190
6724
-6593
-6138
4196
-3531
4567
2252
-6137
5880
9182
-406
-8407
-8835
9073
7836
1969
5832
193
6692
-9448
5978
2689
-7406
-876
6673
-5538
2726
-9477
-1084
-8438
-690
-3533
7127
-7758
-8382
2513
-3598
4865
3549
-370
-8514
-1473
2970
-2058
-7856
-4906
5635
719
1954
4392
1279
2997
-7641
4844
871
-311
-748
7375
-7357
-5807
7882
7859
-9689
-6161
-8371
-1889
-8766
1106
-53
5101
-3306
-303
-1637
-224
-6514
-733
-9191
7493
-400
-2247
8464
2017
-2578
-6786
3875
-3013
6320
-9718
-7967
-1107
-1890
-7506
2255
9227
7330
8740
5125
-9717
790
1088
-2560
-6934
-8407
7630
1835
-8938
-8365
-6402
6565
4766
-3826
8176
7909
-3324
-8902
7297
4260
8929
-7629
-3081
3930
9700
4438
821
-5644
-9415
-4407
-6661
-4969
-5743
1006
-3111
7162
-6289
-5015
-6471
-1342
-4797
2690
-4830
-3757
5514
930
4493
683
-8886
8575
-676
-5484
2693
-9418
6353
5754
7239
6618
8463
-8930
-7936
5729
9347
3620
-7670
890
-3348
-8850
-9529
-85
5530
-9917
4938
453
8562
1633
6423
-4366
-1708
-8904
-674
9598
-75
-3114
6477
1678
8390
-4811
3328
-9810
-9931
3220
8704
382
7162
8281
-3336
1051
714
-9932
625
829
4275
9421
4213
-2289
818
8774
-8255
-3245
-3902
3734
1461
1235
2977
9965
205
3784
2621
7080
7850
3143
-9766
-919
-8636
-7887
-214
4847
-9836
9242
-6370
-1276
3161
1176
7886
9794
-2121
-4614
-7450
5678
-9724
-1909
-938
-4912
1830
-6402
-2125
6537
5284
4611
4721
9498
6540
5595
-1437
-3775
-134
5212
8821
3248
9789
3227
135
-932
9444
-3034
1408
-972
3587
-4211
9124
1886
7063
-3678
-8405
-3725
8
-8411
1537
-632
-3310
6544
7245
-5907
8113
4293
-6891
-6429
-4031
3238
-7434
-6409
-3530
6549
-285
7006
6033
915
-4730
-2197
-2662
-3313
7723
6606
3772
-9694
-1497
362
170
-3414
1911
-8356
345
2785
-6681
8148
-9478
-3352
4384
1740
2527
3315
-3715
-7765
-8107
-6227
-6339
-7223
-4592
2271
2430
-9794
-5057
9432
5982
3942
885
7950
-6962
8465
-4559
4716
5063
-1105
-1558
542
9955
-7382
-2788
-8250
-7112
-7489
5839
-3584
7538
6189
6850
9260
-6156
6615
2484
2470
7585
-986
-9329
3015
7941
7715
8469
4869
-545
-6733
422
-3853
8614
5026
-1226
6920
9946
6107
1870
6511
4483
7746
2983
-9440
3346
8640
-5552
5754
-7362
5117
8663
6016
-8211
3652
1502
-5488
1271
-7983
-713
-4038
4169
2284
9452
-1125
-9346
-232
8002
4182
3190
3594
-2315
474
-4462
-4389
-4244
695
2497
2594
4827
-5455
5721
9045
156
6178
5408
-9254
-1006
-8551
-8795
5016
5600
994
-3810
3697
-4466
1297
5774
-5241
9071
1065
-324
-9845
6845
-7396
-7875
5380
-1192
4831
-1986
4203
3722
-126
4366
-4997
-9403
-3978
5369
886
-5037
6648
-1949
5611
-6716
-619
9572
-9828
4192
-4484
-4405
640
9432
9923
-4348
2144
-4807
-3506
7840
-981
3194
-1917
8497
-9573
5270
-1843
-5515
-1776
1069
9693
-3112
9240
-2175
-8439
4633
8261
5754
-6658
4681
-9663
3191
7779
-8268
6729
4855
3077
6158
3236
7827
-9761
-4730
-3100
-2631
-9406
3667
3348
1646
-8639
-2374
2109
-3848
3888
8944
-162
2095
8340
2296
8330
-7290
6315
1201
-7277
733
-1414
-2159
8105
1200
-6131
-925
1388
189
3826
-6976
4501
1227
-3869
6540
-3581
-2557
5399
-2720
-7255
3589
-4252
5823
-8536
552
-2995
8221
1653
7804
1991
-8736
-1551
-1397
-6288
-8630
7531
-7519
4423
-252
4808
-7296
-3253
-1333
-4914
-664
1360
3773
9823
-4650
1132
-2676
7437
-3448
6620
-1372
6712
-3360
730
6414
-4513
3618
9574
8618
-6364
-6949
9732
-1594
-9533
3859
6009
1355
-9086
7207
4061
8760
-7055
-543
-3301
-4397
-4257
-2928
9001
-8813
-3844
3319
487
-8873
2522
-3721
7201
712
1009
-6183
4237
-747
1049
3432
-2980
-212
5961
3120
-8101
-2503
924
6787
7990
-4199
2091
8179
8316
646
-521
3469
-9782
5586
2786
-4480
5703
3662
2353
1139
6146
-8951
6524
7458
6585
9925
-7188
-7282
-5968
-7334
-8207
-6165
9735
8706
-8165
-3572
-4551
-1407
8718
-3550
1953
-5651
-3105
-2379
-499
1090
-4249
205
6057
4752
4124
1517
4396
-1166
-6367
-6007
-7741
-7443
-7508
5374
-6398
-5610
-188
-5921
3866
1364
-1575
6239
-7986
6102
-490
-1970
658
4734
-6918
-661
-3232
25
-8816
8397
-1085
-251
3183
-1025
-3897
-6421
1756
-7861
-5540
4159
8822
2825
7855
-9702
4254
-8598
-9657
3837
-460
-9859
1461
1145
7371
5729
5921
-5127
-4504
-5778
7424
7128
5854
7661
-60
5653
-8604
1762
-5558
4719
7029
6966
661
-868
5030
-6600
-8920
-4137
-5519
2155
2688
-7103
-5385
-9074
-9402
9376
2870
9743
4518
4552
6646
578
-1154
-5375
-4723
6093
1691
-9254
2923
-8413
-1942
5032
5367
3875
-4982
9723
8243
512
8702
5326
-7780
6555
958
-3638
-5595
-7387
8681
-6783
-7993
8101
-8473
1115
-5353
252
-1469
2032
1351
1131
-9526
-1082
1098
2600
9234
2896
1834
4494
4236
2606
-2050
7591
9992
-5758
8486
-6592
6835
-2175
-1658
-1010
-9425
-5919
-4245
-3159
-27
-6855
7183
6814
-8690
179
-3902
-8889
1606
8937
-8463
1885
8139
-2265
-265
-1296
1831
4462
970
-9525
-3468
2001
3150
-222
3317
-4973
8071
-6413
-8599
9447
-653
188
2658
-6250
-3279
507
529
5271
2543
-1672
8137
-5532
-6713
1975
-2549
9807
3084
357
9932
1780
2527
1114
5826
1482
-7706
8050
-2354
-2908
-3907
-5877
-3221
5972
9244
6239
8036
-4245
3842
-1583
-3931
-5175
89
-1085
-8739
1201
-8645
9857
3154
-9963
3213
9018
9265
4750
-6075
9207
-5624
7234
-5870
6912
3107
913
-4023
-9740
672
-5964
9243
5923
-5434
-9196
6339
-5429
-9202
-9187
3656
5783
-2256
-4813
-5123
8775
5319
-9230
-3921
8051
5119
-6398
508
-186
-4251
-2599
-3264
9733
239
-9352
7797
-3644
3822
-6298
-65
5089
-6035
-8791
-8781
-3944
9921
-4035
5119
-566
5448
3970
753
109
7704
-4914
-589
9763
-7020
9076
-929
-3328
-9402
9765
-9378
-8392
-2573
8689
790
220
-3115
6999
6043
-3059
4347
-7239
-3671
7476
-4313
8979
-5097
-1119
-8037
-6996
-8612
-2262
8834
-9676
-5289
-3845
-583
-1333
7535
-2548
1427
-2160
7399
-1532
6741
-2425
-6481
5969
7342
6384
-2820
2467
4169
-8056
-9178
1763
-9605
-2128
4941
4501
-6238
6830
-1037
-4061
-9522
2
7799
8471
-846
-7976
-5561
6150
-8333
-362
-1675
744
-1278
9710
459
7663
8096
-8533
6663
611
-8580
8304
3736
8366
9222
-5618
1043
9848
-7289
-1747
-911
-4507
2351
-7481
-1255
2047
-9269
8084
8538
-5699
8174
9285
5311
-9797
9566
5284
4217
9390
-9685
-8093
5550
-4814
4620
-8696
-3763
2808
5975
-767
-8301
6336
2548
-7120
5852
-5811
6690
1956
8488
4166
7925
7685
8448
-8043
4661
298
350
-3011
5571
-3535
4898
6556
-7199
-761
6698
4842
4208
2555
-2713
1707
3229
1344
-6730
-7644
-5368
4212
5223
8767
-2407
3740
2668
-2682
-529
6868
1738
-2413
5849
-7923
4873
-8707
1842
6909
-2400
3384
-2209
1800
1904
-3297
5059
6049
1505
40
2273
-4971
-850
4655
632
-4260
4526
2314
11
-6151
-6781
-3648
-1448
4417
8595
4980
2269
5183
201
1571
-3698
1085
1289
8292
-5392
-5750
1753
533
-7995
-6223
1027
-5472
-5114
1279
5517
7940
-4164
2361
478
-4029
-9530
2601
3313
1456
-5487
8493
-4662
-3411
-4485
7606
1160
-8297
-8003
9728
4032
-2272
-7813
9006
-8163
-3808
-8635
7366
7006
9493
2659
102
5613
3370
8406
5570
2075
1097
-6536
6265
343
-19
-2799
7693
7384
-4913
907
2252
-8876
-2855
5389
-6911
-1145
-9752
3896
6018
1273
-3822
9475
305
488
5294
791
9953
379
9527
-9757
-8040
2914
-3489
-6632
6332
-571
8043
1588
4840
7568
-618
-4803
-6649
-190
2190
-1820
7010
8970
-6507
-5906
9774
3224
9462
2103
-2569
8127
-9702
-9735
-7269
3788
1809
415
3340
-4175
2509
2017
7643
-5564
8751
-3903
-7304
-3955
5185
1381
5247
-1331
516
9304
4641
-9918
2810
4171
-205
7019
-1234
-1390
-7434
-1713
-8999
4766
-9366
-3267
148
7203
-427
-3398
-289
306
-8711
-6521
-2729
-5368
4824
-7978
5321
-1735
1921
3106
6996
5967
-253
2088
-1303
-9658
2286
-4266
4432
5744
-2961
-1322
3087
-2229
4522
-5685
-1532
5577
-5768
4244
1745
7639
6653
3060
-172
1531
-3970
140
-5093
-6485
-1552
-3173
-5537
-9540
2934
-4918
-395
3072
-6448
-7327
7766
-9041
-5027
1281
230
-9344
-335
2797
7118
-52
3867
-2603
-8230
9033
4871
7478
2697
8948
-4136
-9346
-246
-8491
8779
-3462
7918
3514
-502
-5994
8458
-9009
8779
-6473
6980
-7583
-9412
9301
-8567
-448
9671
2384
7702
5384
3789
991
-2593
-5517
6941
-1719
-9284
-434
-5898
9848
9864
-4270
6349
2277
-4497
1468
2346
-3992
3413
1266
-5771
-4952
-3773
-9993
-7934
-7670
1657
-5125
166
-3091
-4679
-8873
-4738
-4437
-8318
-2408
-9985
6092
9480
7074
-592
-1943
8840
-6177
-9747
-8515
-2228
9008
-7271
-4281
1383
-8656
1387
6178
-2549
8754
-4846
-5569
5513
3977
-1694
2417
7743
4774
310
4777
6222
-3752
5441
-9926
-9153
4305
8006
-7933
226
-4434
-8170
1828
-2524
7397
-4010
-8991
-4874
4262
-446
-9598
2672
-6596
-9352
-6358
-7721
5371
7385
1217
-924
-2014
-8344
6978
-2037
-8282
-158
-5678
-9498
-2984
9127
-9373
-6014
-7486
7538
1849
-4081
7582
2924
4083
-4759
-5818
9147
5361
-4729
3556
-229
4066
9741
-3209
1073
4597
4815
-5039
-5731
-1964
3158
-4346
4721
9304
4310
4451
-2695
7778
2336
3528
4457
-3384
9765
-3489
5071
-1959
7787
2655
-8593
4224
-8049
-6796
7947
-1105
-1734
8183
8301
-9219
3409
3308
3117
6944
-7349
-9291
-4549
3528
-3528
-6111
-105
7604
4475
7858
7514
9962
-1351
5656
-7537
3030
-968
5210
-169
5897
4824
-3548
-964
-3994
-7647
-3847
-9615
5845
2199
8751
-4860
778
3511
6389
8078
7738
4446
-5713
-134
8009
4142
-5440
-3504
-9768
926
-1558
-3515
8168
7050
4470
7283
-7043
-3174
-7063
8749
3071
4393
9756
5965
-3319
9187
5646
-873
6890
-7505
2335
-3551
8796
-9726
6715
-2521
-6184
-9501
-6414
-1112
1717
-7345
-9987
5112
-1441
9854
-9987
2212
-4477
5953
-3385
-9640
-669
-7058
-1454
-4785
-1361
-3180
-6709
7158
-1641
-9820
6973
5999
4055
-831
-3387
-9174
-4802
66
-6080
-608
6372
3947
9407
-841
6540
9235
3972
-4850
4784
7754
-1672
3246
2542
-1297
7549
-1703
5801
9324
-7532
4523
-737
104
68
-3562
-3543
1444
1351
9830
-6600
-2046
-2031
-9711
-3994
-4612
-1673
2837
-9023
-8271
-9100
-4571
8719
-6533
8579
421
-131
9329
-8008
-5219
-8516
-9949
4228
7801
-4936
-4927
9240
8773
-8160
-4233
-1481
-4187
-1985
-1290
-2345
-8058
5302
4817
6766
3025
965
-6409
-351
-8077
4997
6711
-1082
-8495
8641
6295
3109
2905
-6620
-9889
-3026
577
9659
3477
1183
1359
6917
-9338
1797
6209
1902
4290
-1219
269
788
-6139
3708
-4053
-4945
-3165
3234
8820
-5496
1327
-4366
-954
9519
9813
1511
487
2662
627
5053
7377
8963
-4275
4922
-8309
-8904
5478
5976
4047
-1052
3683
5388
241
-7486
9285
2087
103
-6943
-4552
-9435
4063
-2835
1038
-230
9724
-9422
5340
3009
-9583
-5802
-4550
2852
6832
-1312
2849
-9337
-8326
-4347
-8182
-7072
455
-7508
8796
-6639
2754
4827
-3655
-7949
-7178
-4047
-5890
-1513
-3235
-2839
-3627
614
2301
6237
-556
2908
2638
-6561
2540
-7387
1724
-9892
7708
-523
-5682
-8780
-1303
9160
-9473
7781
1069
-5004
8380
4043
-8464
-6356
8930
-909
-7368
-9542
5745
4440
-646
-8390
-2892
326
-6631
7067
1364
867
5453
1810
-2224
8551
-8398
6429
2447
2451
4256
2031
9597
5707
1774
7231
-1948
3857
9401
474
5590
-7177
-8961
4584
-667
2956
6641
-2010
5264
3619
-4515
4996
1818
-5400
-6846
9177
5960
-3503
7232
-3637
-8194
-8745
-1973
-2792
-8190
-8723
-6898
-2652
3900
-4880
-1577
-1849
1498
-2075
-4414
-3820
-4823
2501
-1952
5983
-3478
1885
2414
-2213
-3822
-5079
116
7966
-1109
6936
-8999
1005
-2995
-1548
9674
4476
-9922
-8892
5854
-2621
-809
-379
5090
-9952
-3987
8773
-443
7455
-1353
-4342
2347
4969
-6862
-6716
-2534
955
2081
-5931
-1243
627
9595
-7602
-776
-6921
6424
-5195
2777
4293
-4977
-5262
-9364
-4940
8512
9569
-7405
-5619
1283
-8282
-7210
-9330
2164
-5387
4748
-7911
-1999
8904
-5871
7312
9688
2169
-5499
6426
6049
10
-4673
-2756
2124
-5746
3300
1804
8823
4871
-2912
411
-3064
3449
5913
393
187
-3412
7664
4924
5045
-89
-2467
-7871
-7028
5368
-2532
-3122
-5499
4504
9462
3615
6404
-5963
-4523
8998
-1851
-6765
2666
-1449
-85
-2317
-6736
5497
-5206
5027
7215
732
-4754
2629
-3596
-6172
-4340
8347
8631
234
-8647
2488
910
9774
1675
7065
-5622
-3941
-9630
7945
-4045
408
-3553
4659
7262
-7271
1988
-1849
-4489
-9528
-5076
-1770
-521
-130
2576
-8618
-9674
-6472
-9731
-2585
-7907
6434
5039
-232
-5594
-9544
8963
8244
6695
6411
9753
4696
2790
-2958
3527
-1655
-7509
9848
4942
3259
-6431
-103
7459
6870
-9015
-5672
-1782
1155
4204
-1067
7793
-1585
-6001
328
9024
9711
-7406
2358
6079
-8302
3594
1042
5622
5941
-8507
-1636
-9262
6900
6146
-7446
-8629
3243
5368
-2380
-7910
-254
5150
8243
4639
-3180
-3210
-5430
4960
-5581
7855
-4153
-7071
-8764
-4970
-3564
8960
-4376
-1058
2280
-6060
-9517
3995
-366
-3706
6330
1654
-58
-5131
-3517
-204
2828
8160
-5074
-6532
7472
4939
-406
-201
605
6669
-8760
3055
-9510
-3730
-6088
9178
-8549
-2538
8940
9352
-1445
6502
-8128
-5833
3688
-3822
-8752
-6709
-4831
5088
5569
8324
-1199
-4531
4237
8630
6748
1560
-9688
8865
2121
9686
-3533
3196
-9040
8224
6855
-7628
-9135
-6176
-2451
8040
-9559
-3646
542
7028
-9718
6835
-7695
-5541
-7386
-1190
-6282
-8971
780
4755
9270
-6789
8998
854
-4779
6719
-9927
7117
-151
-5973
-4375
-598
1770
-2622
4576
3505
-117
-5806
705
-2849
-8704
6502
7341
-4907
6319
4274
9651
1645
-3772
-6459
-5144
-1515
-6636
-3133
-3350
-3406
-1392
786
5606
-2822
9287
9378
-3793
4484
2158
-3098
4249
7114
7828
-7858
3134
-4380
-1079
-3239
6984
1272
-1653
8390
1637
8536
183
8235
6808
4457
-2327
-9392
5349
-5944
-1143
-3224
7927
-8929
-9646
-2582
-201
-9213
4611
5490
263
3983
-7926
1612
-498
2621
8873
2460
-5914
-9276
-4675
-2697
2479
4753
4269
7507
-9960
-6707
3552
3488
7456
-888
-5279
2160
-4087
-7528
-6105
6291
-9046
2982
4308
2574
-6207
-8349
-3832
2419
-6194
1744
-6325
-5307
-4779
5031
-1942
8681
1313
2063
-2403
1797
-889
2987
-224
8188
5412
-4364
-3690
-1888
1202
7990
-4695
-559
5381
-7408
6648
-9362
9548
6503
-3072
7906
4548
-7538
-8277
-4577
758
5899
3715
-4255
7233
-659
-9441
-956
-1983
-9543
5038
285
119
-7929
-1629
-8334
-996
-4288
-4847
1925
6241