39047
-6619
24846
-47194
-24076
-20459
4417
-3437
39969
357
-22555
11079
-48455
9437
45018
5717
37327
-13982
-2640
5531
20177
26098
-13978
-41440
-36162
48509
44022
48427
-6987
-6881
45127
38468
-39892
-30483
-31228
-23421
48512
-8310
-7574
-26691
-19995
6386
25075
39157
-40316
3339
-35858
-28120
18528
-45273
32974
-13183
49925
-28994
-46324
-37855
-7719
25345
18414
4514
3470
-47326
17547
-6866
-48627
-13120
-10306
-13813
49574
30741
48098
-12780
818
-43068
-6495
-9466
-2554
-46257
11441
1334
8524
-24896
-48475
4878
9823
44771
24195
-13359
27215
-5684
30842
5852
1307
29683
5011
38356
-47550
31230
15914
46408
31349
44178
28624
-12551
-40460
-45248
-36118
10304
-10156
-31908
-15499
21073
6012
37594
10977
-19200
26009
-19280
-8594
112
-14090
8623
28150
-45287
35220
-30980
-15192
-27216
-37911
5637
36795
15887
-42564
12356
-27035
-23389
25546
-41988
49994
19996
-10161
1609
-37936
47300
21978
8314
31097
-4505
-30005
29231
-41029
-49379
16806
40414
-23764
14631
-24839
41434
-47647
-24507
34390
47310
26697
-10475
-7323
-1911
-29039
-9464
-29234
-23103
-26569
25327
43011
-12622
30462
-6573
-12520
20068
33902
-37288
-33279
41060
-22622
32034
-42676
4688
-27937
-49186
39131
25100
-17179
26380
-7708
-11722
-35040
27161
7466
40326
-10911
-38271
27039
36491
48736
-35667
-15500
-45278
2129
-31844
-22242
-4610
-25726
31469
-41225
-42911
23191
27041
-24071
16863
40318
-6174
38137
11452
42315
6144
8170
-41342
-3806
41700
-32186
16675
46978
39086
-41859
16943
-36885
-41926
32260
8937
-38079
-10817
-18096
-18972
20561
13862
33583
-37195
17620
48043
33688
20776
-36918
-6514
623
28282
48770
-43895
528
-44225
45938
11707
-3836
-4490
38587
-39241
-9222
-43981
-40592
-27095
37538
45744
-49423
-11748
13589
41790
24998
13185
-13213
-910
-20336
40481
-11503
-30125
30188
35751
-7767
-17351
15627
-8868
28009
41540
-19452
-43208
-39189
-23354
44201
-39788
41547
-4501
35195
-12581
36181
-2650
3255
23038
11897
-16662
1090
-28245
-31276
33565
47899
-10361
47755
19440
11733
41407
-8458
-45726
8986
-22492
23316
-10530
-19267
46328
20507
44117
-21623
2234
14141
-28484
31885
-30137
37820
-26741
-13054
-18756
-49772
-43569
22123
42449
-25277
-14584
38780
-14268
-45853
-25045
34228
-32883
16038
-32596
5039
-43885
21760
-14834
9925
27706
471
42816
16052
3059
-45789
-2178
329
1637
-32388
13050
-6453
49409
27229
41128
14434
14714
-36840
22180
18538
28183
3007
31109
12914
-30883
44722
-10562
-41657
10052
7838
-48063
-14132
-44075
26709
-10614
46870
13120
-45836
15318
25713
2848
-36216
15130
-47554
29150
-25215
23750
-23852
-5331
22623
-34273
25060
-12895
-3979
-5996
-34299
49192
13711
-33363
26063
6867
-31899
3648
37040
17307
24961
28180
38430
-15302
-6778
36028
33740
17147
-49308
43595
-26478
-37639
-23586
10186
32839
49824
-35157
-24584
43651
47922
-42867
12518
14965
36029
49399
994
-25055
47852
-4489
3168
27082
-6694
-9419
-38707
37778
8338
45843
19558
18818
-46746
-798
37941
36990
8983
11203
1915
-37917
42527
-32950
47551
37857
-14197
-48053
-19176
28342
44777
40877
3960
-10251
-8362
27356
-47531
36828
21888
-35409
12561
43788
29421
-27690
-20340
12695
-37135
7931
8598
-31337
400
-7200
-3790
45505
14591
15857
-18706
37397
13623
45924
-1114
-26272
-25983
16937
-16113
5953
14173
-20183
-17091
-30316
-8059
-274
49250
-13911
-23364
-32910
-34740
-39827
20418
-49170
-6556
49695
-27858
-46516
19246
-12420
37426
47816
836
-11901
15167
-16334
-11268
-7409
-41457
3240
6398
-4186
-18759
-44021
-5686
-4605
35656
-40106
-6986
-30809
364
-878
44490
25869
-49797
-43367
-26042
2980
39809
-6201
-49525
13309
15193
44259
45449
9364
-5406
-3788
-9191
13020
-5616
-14621
-40220
7411
30936
-3844
45443
8571
-45998
18855
-49526
-46513
-27870
39752
-7187
-29301
-40589
-22049
-19999
-14965
9065
39063
29367
-39908
-37903
13005
23700
36300
6106
-15612
-49710
-4237
12632
-249
29019
6791
628
-49538
1646
-21330
16949
-2748
-17099
41336
13934
-26240
4209
49001
-49694
-40191
19185
-9725
-15340
2706
-21048
7251
15341
-2109
48610
4050
-42950
-48362
18776
7282
48266
28537
24674
-17667
3744
-7741
34695
40781
-35838
47369
-23241
-20557
-28303
15250
2165
27358
23436
10371
-19233
2900
-31281
-30098
27457
-22101
11532
-25491
-8776
-41411
18911
44334
15305
30167
45675
5510
29554
-1771
-36522
13633
42700
-3219
29492
23550
-35469
-19433
-21391
39727
-5020
-5336
-649
4523
-44274
-29348
19290
-13825
25769
49917
-36375
-24155
986
25907
-6726
19683
-38986
12467
-305
37270
-18223
3656
-13311
1310
-1857
-15484
-33450
-22296
1140
-28382
12297
-18046
-22911
-31874
-41432
-31447
35020
-40601
-26508
29971
11946
-11560
-29575
27209
37676
6891
36313
1421
-18874
-5172
32355
9431
-48640
-25518
-36087
29807
-47615
20931
-31522
23532
-36942
-4056
-20396
45146
39087
21893
-19879
-31372
47068
-32636
32369
5581
-38450
-35343
35747
-45789
17286
3670
7107
-20508
-9501
-2368
13964
-13410
32496
-48359
-9926
17937
-8649
-45087
-31639
39937
-20209
-45906
-44173
-47443
33688
1191
10804
34532
-46994
24615
-46879
-49387
-14941
-42902
4713
11269
47574
-2290
-46235
9434
37193
34740
-12641
43792
-45758
17677
-27449
-2420
49757
42966
-9606
-26516
12149
-18492
-7478
-2069
-21468
-16446
-17342
3928
9577
-44054
47309
-48149
-15185
1125
-15498
-37006
-14894
-23431
-19880
5452
15222
31975
-35163
-49185
24599
-18177
17283
47295
-16834
-19583
27635
9461
40160
-9868
25489
-3893
44249
13024
-26364
26962
-43553
44775
-3185
21447
16377
31440
17432
-1321
-47433
45987
-36612
-47951
-5066
28075
39372
-17132
45104
29466
-39641
34988
48206
-34716
-25829
-41532
-15507
-5953
18820
3693
-48269
-21998
-31072
-20605
-27084
8374
-4044
-1904
23315
-30172
-7512
-33761
-7155
39481
-10101
-27200
5622
14659
-16330
-13314
-1774
32849
12513
39575
-11324
15291
33717
12854
-14391
16514
-13318
39360
-33169
-37880
-5479
-38329
-44929
-16845
12271
49936
-4660
32832
45543
-31914
-31511
16279
-30197
42274
21829
39586
1019
8429
-28654
-11321
30472
48974
49937
-3375
38747
-758
1706
26661
443
9603
-43966
-49655
7862
37860
46101
47792
-22566
-28685
-44786
46788
-4951
3663
-48107
955
26549
-41219
28339
-35048
-49501
-48222
40385
-35269
25669
-2376
-46136
-24434
45029
40530
33590
-43333
-16429
1209
-21527
-21740
43895
-24672
10722
-12696
-34884
49344
7087
35262
-40371
-44694
33546
-18526
15227
-24983
44114
11992
4265
-12694
28821
-44494
-43096
-10544
-16106
40714
-24542
43128
43304
-36883
-44860
