-9379
87261
91777
89437
-20519
25877
-11234
46218
62498
-61684
1367
93631
31370
-50803
-24424
-37197
-62099
-83551
50613
69357
60614
-85978
-38506
-43642
47384
-67628
40431
74328
-28289
50492
-82685
49144
-89863
11558
-79714
-11121
-86619
-98874
77856
99369
22548
-39834
60897
-3135
-79281
16679
-51871
16891
77526
-12888
-41134
77899
13027
-27208
-17654
-34771
30146
-85204
69143
-33782
-69621
52140
-337
-91641
-15951
-6699
81981
98067
45400
-18158
69843
39698
-53632
-61077
-61333
-24173
63338
-20868
43831
2535
-24055
-63182
2544
62200
59118
47296
-33657
-51285
-57365
87522
-49841
-7483
78902
899
-35702
-57357
61573
10868
-4882
-68166
30676
87019
-97835
-45602
-23642
55044
77004
18909
-69596
26362
-2730
81767
90488
5456
-86268
-38350
-97891
69088
51431
-68950
39829
-41623
35168
91087
-25411
74380
-8692
-21648
-91142
46732
-59299
-64304
-89589
86260
-84904
-59655
-4039
86835
1721
-46104
85681
-78792
-18143
90068
-20398
71839
-22264
16878
-97389
-63070
-49583
-20079
-56596
17185
-80566
-5960
-23319
-96557
60486
-27314
979
-18337
-97848
11229
-6682
91269
-5317
-80519
-16649
-53705
82552
-59729
70632
-3296
-75831
-10435
51774
-50289
-93976
-50080
33246
-23063
15224
-17762
-14972
20407
-79636
-62892
-35862
-45659
64133
-46299
-59320
81126
46210
20238
47429
30713
-42078
-78762
-34498
24278
86455
27761
-68158
30218
47548
25810
8590
-42376
-30381
6773
-25550
-57135
-22414
5599
76217
-81565
-87786
47457
-15107
39576
-58594
-33668
-26369
49137
61100
81466
45979
26375
-22915
10433
-54981
5515
-86997
34401
-12774
92116
88160
-68867
-82079
-29275
60458
90820
-2565
96244
-2577
-54410
-96904
-84244
46886
47863
72958
-21502
-15720
90344
-73748
66591
-80670
-78901
-97641
82083
89318
-33488
57043
-54062
10428
62348
6628
91682
-36145
6204
-80177
-52160
12195
-61105
-80497
-72206
41049
-67566
-62680
67142
79426
-29805
-62799
-57631
-56796
-65856
-7162
20534
47452
-62752
-2631
66859
-91361
13406
95367
11345
-78338
35031
69316
-4038
22993
88522
22008
29252
-43253
-62709
-12991
69495
-83406
-75719
-63577
41503
79760
-60291
-78871
-98842
-99439
-36109
5123
45197
-52509
17638
-26935
10643
-29662
57300
-3252
-49907
9281
-77424
10083
-70324
-25908
-72599
-6224
77119
47080
-23572
-27972
-97933
83870
80492
32043
95288
44544
-53925
36493
-66992
-59808
72645
-96602
20664
68957
27423
-98938
54651
38234
-22880
39525
58582
-12670
67986
56020
43987
-92271
-65198
-85943
65713
7296
71440
-81105
95050
56837
78796
-41665
-6317
-52543
79938
-59686
-64881
98466
2247
-49955
-73157
31700
68382
65887
-75161
43761
-78861
-86349
-5734
97178
70474
80560
7914
56578
-86912
-60047
-81672
-98280
7957
-35182
97839
-25494
-17583
80747
10285
75289
-65553
-10919
75063
-22863
94280
21315
73476
90672
94353
-87428
-24510
64056
-12925
-40566
-84844
-86305
12550
-58709
73976
59692
24088
-51255
-14017
19687
51436
8782
-55050
-63548
63995
38661
26814
81342
-86436
9460
-2330
43322
27145
19884
-90572
-98429
-36695
4272
-38613
41284
31965
-86032
45111
-14688
35171
85482
85075
-61908
32357
14278
-5800
48368
-86715
29281
-99997
48834
-98483
42816
-52737
70075
47506
-76025
-59104
-84022
-80548
96059
74070
-64261
49900
66475
-18252
49581
6248
-91722
69075
-50752
-14193
44652
67964
23049
-52281
77841
-6672
-31499
35698
-11268
3167
99826
67293
-84389
-87905
33946
-44470
94697
1415
-22238
54716
-11756
-7967
-84131
75132
86359
64353
19200
95266
-66909
40857
-95597
41672
53254
-38427
88970
-46793
-59797
48908
-35629
99868
-23880
-74303
58616
64937
-58138
35297
-17315
-62583
2258
-46666
-5275
31337
27705
-19349
-34229
84521
-55429
-90526
73140
59219
90389
-89594
-42924
-21138
-97476
86481
-68863
-21650
23243
65790
16855
67437
-97761
24084
-71187
-54592
-60105
74397
-69863
80603
52779
75246
99050
57525
-63077
-94630
99392
-70433
-57368
-8115
24467
-3
-99489
-91125
-37434
38146
-1625
-33147
35790
16348
57541
-69083
-48022
37707
56157
1025
2898
55335
44937
-37161
69999
7114
-68071
33822
-90160
-83775
-43876
27535
-8780
-3106
24451
1398
72543
-38546
-26108
-47478
-38519
90745
-33512
15746
23688
-28917
-36372
-66439
-50614
25504
-71217
2801
-9116
-33695
77687
29606
88471
11462
69723
51122
-48361
-55949
-55435
-4368
90440
92143
-77341
-92909
-81689
-76033
-50136
-34182
13549
6911
73414
-42231
54071
3584
-32657
-31499
54738
75151
-10911
-31514
-65428
16893
-3463
9547
29830
-62531
-49678
62741
-17549
4453
49608
-91820
93694
-34304
-89650
68866
-60267
614
12975
-40135
86098
71585
-55477
-17853
16876
60817
-68262
-58216
-27165
-18696
-96633
-22329
-12651
74856
-45355
-10628
13194
-68175
-11160
48972
91773
19567
81193
84379
-68141
21841
-98985
33202
46614
74428
5072
-2234
2062
-50370
-41504
62493
-34224
71417
-79834
6475
-58588
9976
17221
79761
71880
92388
269
-95439
-1895
-59216
69744
-67018
-94423
-52060
47395
-80963
-26618
30243
-50746
16433
-14572
73362
18857
18166
-22427
-75191
50847
-11295
30930
63584
60632
-72473
-34323
73545
61408
52961
-2203
70645
37889
-96483
88857
-66520
-44297
73930
40800
14878
-92165
-8534
9668
14780
61583
-51985
73765
559
-78536
-22130
-60061
-5539
3257
-82786
29554
-93926
-82503
-52084
13062
36501
-28131
-9437
93586
30747
-34558
-52109
41827
-41976
14013
75367
64003
10965
-48631
-43274
-63511
15440
-17615
-61483
59903
21669
-15749
-96273
-37911
-40500
-53747
79157
-710
4451
82181
55957
-10310
-9308
79345
-29501
-29883
2415
-9390
-84249
-26225
66066
35318
-90418
-50035
79742
50523
20799
26483
-55832
-52321
-85897
42143
-6496
-4274
-37379
59886
-70988
75815
-87628
46143
15336
-17289
32838
-54740
-47238
93206
62034
71543
32525
-91315
80637
52767
6971
-10329
-28583
-10929
-95061
-99538
11368
-24208
-76567
-90860
97784
-17488
59433
90567
-79869
61597
77260
57961
43966
-98073
-83148
-30111
-45665
-43313
-53870
39970
-10246
10698
46827
65690
28511
52504
-15233
6511
82045
56155
8524
13706
94218
-46735
1776
-32958
74484
-95791
-81389
11247
-84059
75236
33257
-31594
20529
78373
-2045
-46043
78558
41908
-59170
-49541
6056
-4935
47309
98146
41593
-5471
-60527
71641
-42027
52835
-48808
-62434
-72774
67907
13166
-39179
-90077
-33963
-37835
-53069
43899
45522
56514
12746
16566
96005
-34743
1038
-2046
26613
38510
5165
41350
51458
-82034
21103
-60184
71928
59717
15449
14135
-35609
39089
-54858
51529
-3205
-32879
213
21033
-82014
-76734
35305
91695
55157
-12919
35781
-21321
26714
-7265
71959
46839
70758
31243
-54475
-92034
-19930
-85783
12863
-12641
36747
19801
-35763
4712
48447
-64295
-57465
-62653
2948
-57276
8882
97760
-54395
-30699
43162
44922
-27808
46148
-48599
92883
20301
93022
25326
35729
-35917
22884
-38090
-6451
10310
77655
-25708
-44831
-90658
-90569
30438
87731
75519
-51200
-27810
64818
-38565
47837
-59943
-77086
22602
98803
-30598
446
14989
-28034
1860
42961
81215
4447
-17030
-68661
56719
23637
97663
-14642
-73737
-77336
87862
24823
-35521
-70051
25804
-17706
60486
-74776
67683
41407
-50927
-39642
-60657
37813
5918
-81228
48507
19157
55917
-30396
-19840
-48585
95124
-50748
36347
13334
10883
-56686
-39860
-28237
-30232
6253
90254
-89621
-20112
16521
-35589
-22423
-83857
-17708
-23323
-5723
50983
-70612
-99172
-98506
-57574
-36235
-28084
-70568
-93736
97224
73290
-57970
23086
36731
-86001
55900
-29067
14411
34866
95954
40183
-4301
43216
78528
-68529
39643
-47738
-56858
58324
12156
99151
-75874
82961
64072
54633
-36110
36397
98912
-59776
-5396
-77676
22809
96619
50840
-9407
-58537
32378
22052
-51411
7611
-9575
97850
-12409
-95127
-78924
-74463
-82168
-38753
-4425
-27786
71729
-84724
21100
73544
97776
88153
35937
1951
-88180
-85878
-24060
5335
-60074
-90417
67598
28561
-42736
63258
48040
-85593
32477
-59940
79523
80141
-42747
75552
-17907
-80575
-42915
50729
2844
-46239
-51738
-41821
13634
94359
95345
-43672
-67918
95495
30114
17308
41016
-32582
-67604
54399
-80513
59664
62664
-32733
37459
-10191
19950
-92734
59102
93942
-93236
-68856
-8224
75039
-91520
57940
59875
49494
51160
25646
90567
-75588
-92410
-5720
8502
50353
-54904
-7055
-61943
-76779
-29763
89414
55638
-69381
93063
81495
80251
-85225
-9474
-58315
77140
-90252
-73411
-60322
14585
82196
138
97915
-7776
-84136
-42514
53734
-86729
-63141
-32055
-9179
-89419
70048
-86954
59146
97491
64285
-86767
-43111
21641
54257
-22757
-38516
23994
5995
714
-52660
4275
14294
-47079
98287
47602
76272
-6356
47828
-46481
47843
-71552
-6671
-91153
-78573
97001
-43508
94397
60904
20456
-2643
-1320
36184
-93970
-76071
64204
55393
80273
-56475
7596
-58580
29945
55029
76566
-38401
-11184
47717
65886
-86980
30262
49159
33342
12367
4774
79974
8262
-98530
4209
72670
-20889
83049
-97668
58332
-58395
16997
-53651
-77897
11004
83423
50983
-79864
31603
74202
95875
-7761
97270
19140
75814
56130
99247
69642
-83006
-72347
-31396
-88973
-43741
28084
65357
43663
32305
94930
-83946
44845
-25626
-19686
-14475
-46568
-36786
99680
-93599
22271
13350
-71250
-38187
38185
-1988
-73858
-37702
51032
72665
-15680
-50578
-25629
12051
-77364
-27695
44707
65491
41633
96534
90398
-2324
8955
-71949
65796
-52387
-32424
-40261
-52682
-92743
67395
-249
-81275
-86746
-23368
80152
-65014
59777
74355
9666
51773
-38561
66804
-70670
-60266
-23677
23351
23350
18134
34217
-55819
-23962
-54538
-59217
-8159
75809
53161
-96891
38315
-74268
-19809
41855
-92417
-9817
29728
-69876
26551
81510
81159
-19903
9166
-9529
-41450
-92044
-38406
-96395
-82454
67338
46908
33449
-68250
38269
-92962
85615
37589
61697
77412
3336
-90490
31130
-9603
97653
29429
-29202
59580
50127
33554
-11230
21587
28203
-34009
23329
-88279
19151
67436
-20388
-74861
47285
-81848
-10779
94332
74765
31352
42326
73539
9607
12670
90882
-93178
18601
75505
-27368
-25997
86707
-73911
-99259
45231
-81716
70973
-58048
-76808
-45235
23382
-96259
56716
57417
-28951
50178
-19625
-9523
89193
-77521
-93409
-15626
71340
89941
-86982
11628
-82237
-88718
57359
60751
26230
7720
-44674
-89653
-39398
-36072
-19421
14983
37613
67709
72623
-973
-49853
45330
-60892
56910
-20111
-80797
-86257
-64868
37605
70584
5109
23106
1329
-14967
-28523
-59185
87311
-90137
-39763
-50723
20915
-60261
-13786
-64790
12628
11238
-591
71294
28821
63891
28910
10616
-7474
99403
35017
38150
16123
-16645
-59808
2095
-29463
58192
-64341
-19117
-45780
34036
-50908
-68164
59338
-9555
-57504
-1207
57970
-10090
90171
59040
85226
-97333
-48773
-61248
42087
70320
-84441
33013
59060
29211
79557
-78323
88832
-22711
-27735
62669
-45700
-39816
-1920
64955
-40589
405
-26370
40926
-40954
-28933
-63550
-15624
-3636
-12634
59387
-10377
85015
-24465
-57977
-68590
-54413
94282
-43239
78424
-65904
21011
-14496
-84200
41700
97009
-63611
-60075
-82551
-92073
-65799
90394
36681
89028
704
35281
11747
9737
2088
-90364
27384
25416
-89206
-43893
65894
-99798
29412
-69993
-95254
-15839
25748
-25085
31844
90775
75030
-40894
-42885
-84661
-94471
36993
-29587
-32788
15839
-93230
94819
-6948
-71224
-68806
30196
-7223
-18407
76222
96225
9293
-93794
-55858
79584
52688
71256
-33007
-21776
71881
41606
-35012
75983
-91790
77920
-60721
-59415
18371
58512
36237
41002
-25921
86554
88221
-35384
71809
-69910
31530
76605
-40004
86235
-3710
20847
54853
-8453
12479
-24705
23718
70949
62810
-95677
63168
-82981
-28652
57200
95939
-87150
8799
57735
-76796
-11325
50933
-32809
-16786
-30800
-26133
29225
-24048
-57721
56931
71668
99636
93617
9902
-30775
54285
96991
86466
-6798
-22420
-81737
-85155
39007
-34041
39563
-34011
-32629
-4104
-11663
-96759
1331
5130
505
-50976
-71291
29461
81704
-95497
-90752
-47832
80608
-67124
-8517
20315
-21154
14089
44099
47656
-54395
17373
-43823
61671
-61057
55381
-46869
61936
-14098
8833
98435
92999
5219
-88736
-38737
-13419
75717
86075
11144
65918
-28392
-13725
-95844
-78738
-41902
-98521
-30319
3195
-12021
51962
36390
-71938
-16613
48623
86536
-16133
-51491
-61685
-34857
-96026
82599
-10986
85071
66489
49175
33648
75695
-58362
-76700
-2066
37353
-1973
-68830
53750
-40933
-61439
70353
-92650
-56734
13247
-71824
-50602
-82624
-95904
-51542
788
-8643
-8132
12152
32502
-98866
23275
62919
-60412
-4050
-84159
-18615
66311
18719
23357
-89822
24789
-70984
57441
66000
28256
-39851
-14410
64646
-84968
-10757
90141
-82004
76835
77572
56791
-27457
84972
-26047
-97995
-24638
-78552
90471
27524
-57420
85670
19648
-10182
-13218
-64533
-93879
50877
-1012
-40914
79235
-25086
43086
-81061
-7836
-38083
-39647
-16427
-56577
33794
68668
-26830
95740
-22286
38553
-44023
14474
72692
58535
-45535
50425
-35632
3719
98959
19026
91210
-74473
-11132
-86735
89406
24378
-18067
-28453
-50289
-92688
61126
-36580
-14447
-73553
-79292
-78902
-35293
56354
33407
31321
-82285
98885
-18039
69869
-17022
-97996
12024
49767
-84576
-74122
40073
-60556
94862
8576
-93660
87619
-56224
-28434
-53686
-48800
56806
51521
22554
-52901
-65901
-98669
70508
-62859
-17811
56016
-69871
-1283
-7466
-65391
-36576
-96882
66465
6193
-36215
-598
94858
53568
98185
95766
46816
51929
65338
50909
69175
92305
80870
-17949
-18105
-6387
11562
-59907
58834
97677
8893
-18351
-39370
-6198
-7332
-98725
-57638
-17079
-2854
-54634
-20855
-26874
-98952
-14082
-65220
-10571
80021
11783
87746
75259
-49434
55767
212
22285
-4020
-6317
87156
-9218
44794
39090
5601
-5513
-34185
-33295
74968
44433
-86329
23467
-32924
83390
30858
-34932
39831
-64287
95890
-16797
-12785
-69025
19969
35786
35094
-83413
-27157
10297
67673
17852
58737
66317
43823
-17715
-71197
53491
-79821
78393
3427
-30203
-57143
-29770
66632
40707
19815
-41871
436
-93432
-1002
1940
73222
40227
-30518
72935
73688
58008
86369
44246
-12238
46271
-6579
58103
76491
23519
-34498
-12856
86141
65469
44083
22691
86250
18828
96177
-68405
-19607
50523
-85405
-28404
96772
-45770
-51234
1400
22793
-68723
-35780
47857
93521
42711
-73768
42655
82816
-19264
46272
-99145
-5526
73064
-6459
-24579
30318
21473
-71485
99060
24386
-19795
96395
44703
-63742
79604
21409
-84646
-3031
-20556
46463
26121
64247
92010
83748
-86841
86756
-99599
924
19121
-13811
36694
68492
-1554
-37335
54148
44492
29948
-78079
57791
-18289
-33427
79224
8656
-51443
46601
32515
-92310
-42263
29264
-4182
-27504
76704
27259
58721
31224
89422
54888
-177
-76628
93028
71787
69551
13238
-64223
-95238
10377
-45985
42808
99264
37605
-61277
-9546
-86599
27915
-20666
84082
-86442
-31595
54664
15295
-27351
76197
60996
-82831
41971
49798
18833
-42140
3946
-37153
65329
-1877
-63374
94817
-4338
-68477
88876
41865
-43396
-95851
-45040
75661
-7783
90743
-13330
-25105
61816
22974
92490
2889
-73010
-78075
-61079
-51794
16116
-98839
30834
-74738
-73015
-64771
-27733
-79736
-54753
55051
9010
-9386
-53176
-35011
-89316
-47376
38993
67336
-75841
49825
-90336
2019
-92211
66121
29327
75354
-70459
69675
52929
44008
19593
-64266
-64372
-37945
-76869
-22791
-52518
-86596
-9692
25303
-21118
-70071
13621
-39299
57952
-76221
9397
90642
-77054
55931
46793
33611
15714
48688
-69302
-1306
69805
12627
17818
-83739
87679
92421
-1351
-27184
-74328
46226
18359
73547
-27667
32297
-640
-1416
74667
76443
-51632
53657
3384
-65082
3894
-20389
92947
9360
73804
-74255
46905
-13312
69664
-39707
61300
82531
53617
75071
-60131
-88842
-20574
14954
-5574
-30940
51097
-93241
-69252
-83290
-95283
16675
-73014
42052
-98514
-49615
-33777
71335
94810
38016
-65262
-74198
-5413
-49494
-53433
-28086
-18636
39186
78408
43534
88438
-32016
-35781
16681
31747
14644
-76408
-46325
-75162
-21742
-60647
-91406
-51067
-62643
-55547
-9634
64676
12601
65593
88583
28426
-76492
-78791
-69169
-7817
-42915
-16218
17084
-33664
-76303
12785
47515
9294
1879
7778
96177
73895
-7775
-47891
19885
-83440
-99500
352
76231
79917
19532
92709
25361
48315
47054
22234
-42683
-59025
-90522
-51007
50847
-23872
-1404
-37990
80725
91102
54032
8873
-87646
-57870
15109
37487
47986
-3890
-60120
99961
24615
-264
64670
55308
33176
-41902
-26523
-87449
43505
-71808
68463
8909
80338
-75407
33130
94930
-6866
-63797
34137
95373
-74677
11922
-83962
-52171
-45381
-86461
24763
-10305
44044
-32782
-64333
5418
15388
95050
-76715
-3199
96257
-26639
-33967
23107
60725
-3902
-91090
24420
-61532
22980
-36697
56790
-46897
-36990
-94343
-4161
21
-45118
40306
78952
35336
-89283
-66698
32525
-99018
206
-54638
-94600
-74609
97381
-39211
-69062
-9092
-84933
75237
-14013
99493
-40142
19903
-95569
19868
-81873
-39026
34794
56594
-99216
23307
-22146
-89164
-6147
-11099
-44836
-5765
-48500
80243
-34983
48592
-32324
40756
17882
-42789
90405
76663
2887
-13938
92090
64425
42236
-96299
-12125
6172
95906
29770
-76832
-89398
-50093
-14371
-27230
14195
-73992
-71804
-90712
34380
64272
45229
-80578
-49552
85236
-17441
-96517
29319
-13004
-48730
-47478
19603
-77489
-84541
96244
-48312
-34165
82539
43124
-11998
-53762
-69183
94546
-7973
-33029
84305
2511
83395
63599
-94649
-63554
40194
44060
55112
-74929
-30536
97054
-55053
-87956
-52646
17544
21153
-89346
-58790
-16866
48373
-96220
-39245
-73098
52979
-3740
21670
29658
46489
-38101
86233
49939
-60211
-79684
-43766
74195
-86284
17791
56509
-16175
41375
-46923
55318
69020
35876
-11128
18418
-31711
-35728
14165
-97882
53379
63446
50749
85212
72870
-97014
29509
-31525
-33007
-33446
-66649
92115
29395
-16932
-10285
67291
41077
-37381
18820
-94737
9175
-7585
-54043
-49246
92249
24915
44985
51374
-8634
-58086
-58913
-83306
-75219
11657
83299
-28621
-56209
-66391
88447
-18826
80373
-24260
-11824
-63073
43987
-37281
-45261
-36222
-74751
73844
74550
-73296
93486
-52690
10868
-21505
-95857
49183
12875
-50074
23567
-42897
-98565
4301
61244
-20877
-28485
89324
60145
-50475
29755
66403
-10359
7236
31632
-14273
8488
79189
85918
-75079
-42722
71610
-72762
-31424
-92077
75994
-27583
-19608
84261
-45249
-57899
-48697
61708
-1602
33886
-83294
-73613
69490
67215
-2222
11303
-27414
67544
-92010
-22515
64301
68560
-85955
47339
26529
14542
68600
-9487
-31855
-64760
-92720
88849
-34462
8533
25918
-94639
-8713
-95490
-91816
66483
-10451
-38318
-14333
-65656
-63463
-37438
65244
68191
-7305
82049
-11925
-67409
70403
-53465
-92597
-56473
-53628
-98964
-94340
62189
-14141
17898
-41918
38829
47782
-15146
92269
37357
-82113
-75092
24593
-33051
6239
-68044
35786
81889
98326
-75139
-87825
-94842
-87185
73803
76444
-88232
-24994
1702
94669
97862
-71006
-90219
75309
-40267
-34432
12873
62355
-30656
62715
-70952
76168
15577
76287
-37075
-56637
-31807
40880
-75347
-3505
29040
87779
19099
-63813
-18557
46688
86914
-84107
-55734
87159
32025
10753
-84512
4774
39176
32191
-94387
93126
-78369
-96503
43643
-47268
-23413
-28899
-14779
82093
22837
91470
-18117
-79370
9898
-6800
-42357
-76247
-59634
24839
55539
32604
1686
80735
-78252
-60893
-22619
-93714
14685
62556
-96039
67550
17399
18450
-39454
-73241
16197
-81532
-3801
98455
-98700
71792
58845
-48875
89083
-76257
6921
-81854
73628
56804
-21875
35213
16290
-77222
-10516
33796
48863
11471
-31777
-59438
66542
75148
60119
38853
-52828
41343
45747
-70470
-77063
-46397
96691
88088
-49392
63270
-57257
-65220
60800
96090
-38451
13533
-99350
53965
-22852
28600
-87007
-90949
-66658
67609
-24953
-81219
-63152
-18865
2962
99049
50074
36360
-37088
-6797
-43744
97727
-28688
70334
-47258
-89141
-10017
-11334
50501
18117
65300
43
-757
99767
-17880
-28237
62797
-3613
-37836
-65716
964
-96775
4630
38914
51577
-66697
-17408
61566
-66503
98736
53615
6581
-58163
90535
-43747
-35977
80184
1018
-78201
43974
580
-1023
-18598
67982
-64428
-59664
-96201
66640
-43401
-79725
-51979
97294
80921
74234
53903
83529
79581
83341
98870
-74697
19605
-95362
95955
-89036
90760
-74965
-44343
-27166
-98415
-12117
5347
99315
21361
95602
7197
-28125
-96750
-59379
18293
63081
87157
21996
24994
-19893
254
76716
-90203
-48947
-40756
38332
93607
-21307
-289
40210
-36845
10806
-50411
-83450
57227
-84769
-93031
28922
96112
78328
-98896
-56689
-17954
58328
-11454
61867
-55602
-90916
-39934
27432
-70681
13915
-57579
41939
-81930
17086
-82510
97735
30702
-54616
-62970
-87687
-28986
-78210
85546
161
33170
77647
35779
-88822
92330
-95376
6428
-91188
-89947
40484
-67534
6724
85815
83995
17895
65482
-97765
-79526
62626
-42943
45213
98794
22682
-22177
8233
-5446
40820
93622
-15363
-30267
31811
-52362
-57674
-22723
19119
9333
-17300
-84802
22557
-80277
98241
-69659
13982
-33217
-33350
-20966
-15433
18347
3757
-85233
43086
-24843
47208
46686
69534
-15477
78643
80024
4200
-84112
-51164
-88985
-65217
4697
37856
-15441
-83477
14804
63510
-58728
13982
-19718
-10741
24135
-95806
-57401
28722
29374
37858
-49119
-38352
84373
-14551
91761
54480
11503
31832
20568
44737
56097
-22806
-46156
69041
-43393
30719
98658
63658
97953
-26601
4579
-72283
-81603
43687
-6000
11237
-18899
89961
99551
54031
77501
44131
-19446
-99005
29794
32616
85329
-86784
-69825
-21109
33566
61804
-96482
15247
18188
30673
-74911
-53092
-7849
-24720
88333
2518
1737
6448
83744
16734
81749
34279
1427
86674
10038
78707
55511
25628
-36852
-85881
-6153
-59737
-26083
-88512
78112
99200
-80830
35398
-95561
-95443
32067
31582
85922
98492
-19516
64926
82600
-85449
50267
-40687
32
-76623
12810
-238
95607
-30751
97935
33663
-59306
88022
49432
-12181
6904
-26432
26339
2163
20418
-46262
-930
-93012
89743
32811
54316
-79537
79283
65924
39803
-14181
-97977
-63296
-37912
42630
72172
22691
-4889
-7458
667
-37451
73351
39511
94594
50925
-56191
-14961
-45461
75200
-27107
-49989
18435
14588
56076
88563
-43869
-63359
16943
-58917
-87394
20678
-51652
66323
41566
-97701
-35524
-21007
67533
58631
-22946
7200
31630
-55313
-63753
3712
-92855
-59296
77752
-84449
-73507
44079
5973
-5361
-45024
67060
30687
78744
-87009
-47032
-3709
-78343
-90797
49312
-10076
-73002
-35013
28318
938
49774
-46330
92488
28902
91235
97874
-70905
-12050
-43981
18844
14441
54931
-6281
-4145
5676
-64290
-57817
69068
-45354
-57761
-97319
-73694
-19002
-89622
-3126
36425
69278
-42973
70829
21500
58811
26448
96928
-35460
95529
92591
80825
71799
-73195
38662
-12271
75011
-88276
22851
-72832
89228
42500
-10369
52821
61725
-42156
4348
35574
-76088
-14058
25012
-20152
-17468
-73946
-91164
71372
-80874
64197
-24308
-73631
1934
67444
-14223
-2709
-61368
71085
18095
31053
-80646
82611
20638
-20436
26274
-52694
-71577
-22624
-53198
43083
75691
-74295
48458
-94429
-21454
69232
-50689
22181
48445
26534
66086
-17429
6077
-57369
-58687
72212
19944
60712
-1377
41738
59102
-53786
-82788
-76831
-69246
-80801
-6507
-12522
7665
60779
-21035
62094
-98859
48211
-16378
27718
76205
89728
-99900
48468
-50511
-86106
13697
-23366
-37870
-50737
52948
6180
-58156
7663
80776
87308
-93108
-6278
74336
-85659
68632
72100
-76362
33032
-15034
-25134
-27335
-41580
53396
58974
31976
3554
-61731
-64279
90548
65795
59313
13131
-92896
39647
-72518
61496
13676
12231
68301
-19553
-41463
52644
83616
14699
-48357
-61272
-18101
23356
6882
-5400
2931
98191
-55598
-5412
-47544
-76395
-9719
39625
7219
-74038
-16373
-63767
-79815
29628
90553
-13870
-96407
57237
8122
39897
66182
-12205
-59987
76511
-78132
-59139
88931
-72598
75510
-8020
-33311
57552
71131
99519
-78083
6888
-73731
48281
19209
-4125
65254
-24427
99087
84442
23447
1231
98042
32362
-59860
-74005
2187
-63216
8826
-198
31402
-32314
58435
48994
-38859
96648
-87998
65489
65305
99669
12821
72417
-95959
-49673
32110
-75796
-60267
7348
32853
47040
-76402
71180
86900
67861
89377
-89145
-69935
-36375
14459
63150
13311
90797
56366
69001
80997
73230
36204
78513
-12176
-85672
-19738
-81277
-63493
18663
-93845
3958
-27170
38893
-82958
25419
35041
75572
-46028
23041
4021
80573
-50254
-17165
12074
9946
-15673
65784
11041
66459
-19623
42156
4497
23052
60007
15289
68322
97360
59153
13896
35080
-45139
-41656
-56667
81800
3512
-47291
-32354
-6383
12431
-26441
-68533
28631
-87313
-53750
-13064
31575
30490
44395
-10511
-97270
98085
-21053
14513
-9912
-39649
81313
18384
-80030
-48970
-36096
47385
-15153
-44227
14876
87629
77628
84083
-60027
-19610
-47980
99625
71894
17645
71064
-10255
66984
-66843
-25539
26830
-96106
20033
-63164
-25453
37656
-95693
-79602
-55359
86536
-91225
-42406
-54919
-51217
72257
-6882
-81074
15303
66722
-76430
55783
-72875
-27097
-33279
-10589
65990
-28201
35137
-56706
12546
18201
97629
-57317
-21534
-79998
-66931
-61509
37639
-4112
-20761
47971
44441
-66238
15958
-71186
-75231
-38233
21568
79960
-35434
88519
67864
-9928
98524
2280
50948
91239
-87292
54765
78515
19036
45648
-40653
-3366
18048
-26389
-44517
79
-32056
35442
-76964
-70976
-19440
-58588
-46446
-63409
-33024
-94248
-2376
-65071
53905
-65521
-39862
67352
32299
-40652
-69731
-21990
-48663
-57826
-20919
14158
-83743
14557
-82897
-25273
-7414
-97983
-83388
27651
28653
-49230
48077
24923
88075
91565
99844
-83388
-83895
-84803
22236
77587
89084
-18412
-68073
58240
74384
91459
26581
-63604
-84325
15561
-63729
-20391
50419
-94759
-90923
65168
49206
-46840
-94728
-98299
-36147
-51397
59016
-70403
80546
97052
18427
9201
73265
15390
-32156
-73599
45928
130
-71637
68029
42229
70327
49452
21209
33002
94160
69867
-92337
2175
-34164
91652
21185
-98648
4037
-46899
-33084
2965
-36793
48275
-58163
98866
-32962
-72001
-96607
-63842
-67631
-10636
-87591
96871
-42012
-89096
78342
-46509
56762
52629
29860
-96350
-52460
91260
56846
46086
41743
23182
15297
83334
10231
89947
-93029
91426
45479
84257
-82875
92158
-940
38160
-54806
82468
-52294
-97457
27177
56883
81482
-62892
81355
-26109
-58008
-48098
-71092
-74734
67732
-67734
-95889
92023
-44970
86946
-46437
57179
5702
71470
7333
22759
-22313
-86537
78939
85410
31050
-28817
29727
-76396
17821
80972
507
82059
-27854
-27472
-11308
-66993
51549
5476
68686
40764
36333
46209
-74572
-96262
-57875
-6742
68753
-7415
19967
45975
1887
-97307
-32538
-31003
-15580
65605
57987
91924
-12620
27422
15442
-5834
-82727
18253
7545
-26487
8100
58078
-94361
50880
-3574
-40219
34084
42994
-87980
-82251
2794
-1356
-73679
-43052
58671
-9216
-8183
64682
26229
23786
46327
-46317
54203
-56315
27516
-53738
54994
94793
44833
-50249
-3893
-71667
7840
-69217
95449
-42826
9373
-27828
-86635
-53986
67316
79803
-80301
6664
83792
56705
-54901
-7691
-47711
68105
15634
73774
26336
-70694
-85541
34006
-34774
-94778
-44330
-46378
54646
-26499
25143
19653
-19727
87665
-19202
68212
-95300
-87424
-46763
-48258
-83628
-60472
24502
-22277
-68290
22065
-75453
-49362
-40238
77480
37531
48955
27473
-34396
-94049
-67810
-15108
82224
-50952
70111
46604
-11822
94346
-81997
69293
-69763
83906
-38460
55372
-77768
54744
44635
-88899
-51109
34111
25842
81472
-76433
-91754
-88142
4522
-64771
89906
-46332
-89832
81707
-2957
35782
-14784
-19816
-34893
-48333
91323
-73031
35693
-48412
-26575
77269
55753
84737
-44224
-66067
-50698
41301
-15035
-63457
47400
97986
-78180
31798
-72738
23974
23339
-26488
75083
-75933
-50228
-67871
-8830
-76759
-70346
-910
58043
-57959
9540
90858
56246
75254
-33005
48297
-23235
95010
-7618
57236
10550
-73192
94705
67844
-76544
17741
-11646
-63446
10372
-8988
50431
40059
71507
91066
-35700
16588
-93305
89988
-1301
-11821
7324
-48734
-53109
64907
24987
84925
-21207
-4383
-53365
-62803
51357
-43937
-25340
30973
91927
38692
-27340
17869
95396
-76877
-73292
-91888
-75111
75965
94347
-76906
-44441
26794
39953
11218
40277
-87479
57493
-34193
34739
25266
24155
-53
-73328
-95497
-35079
-81042
90822
-84832
76345
83305
-81016
-78197
-75679
44743
-22307
-42108
30080
50395
-3476
8455
-21188
95783
80710
8024
-83825
-74981
-19911
-62349
-11317
-91512
-42120
36337
-80747
59996
99487
50976
-2923
-93495
35982
55864
30500
-4293
95215
37424
60263
-91296
71056
88401
86359
-3475
71145
22474
47916
-33459
14021
20343
-71583
55363
-80022
-62169
58017
66495
90898
85002
91049
86591
15569
-26624
-55253
37112
75099
56411
93960
-19790
-14868
84692
-28004
88231
-84667
1066
47309
41594
-65316
89195
38186
-96988
73644
-51009
33183
-68408
-31045
26072
-42206
-20005
30868
9546
-25771
19987
81638
-58656
70488
-78623
63130
-31521
98393
-38620
1233
30519
-44423
96549
-72328
-982
48696
43482
51582
18940
79897
61533
-88887
-56324
41733
77167
8108
27934
-78732
-20617
-50574
-14321
-15894
-84386
-66260
61568
16796
-3046
-14216
65412
63405
65824
36202
53825
91461
-79189
20191
21774
-59309
-43681
43229
87242
-29084
-53875
37706
-83092
-82932
5973
57810
72287
8501
78206
-52301
-92829
83401
-38551
22907
4827
90440
55229
-81069
-9493
82952
95016
7721
75127
-64624
20203
-23291
28866
98367
-46275
-36784
44788
-7865
65989
-23696
71397
-11491
-77854
-36817
84980
-70371
13441
-26206
-71994
67190
17244
-41667
-46244
11446
-10124
41290
-28253
23324
-80608
-67597
64440
-23105
-78505
-77603
34194
-59010
30309
-88235
-64300
39433
-44885
38849
41090
40197
74675
-88347
8102
88807
6992
-73302
13751
-86499
781
78235
31766
37095
-57294
11630
34275
75499
-11104
-99048
99129
-13446
74732
-39011
95156
-32313
-11009
75883
-73430
21605
8461
95771
-26513
9706
55756
10801
2725
75042
68762
6519
-18221
-92713
-53130
-6681
-78198
74169
83846
-31345
29148
-21991
72942
95789
79055
-82327
-8804
-62018
-63198
-62527
-6909
-36215
-32666
46655
-16774
-26142
-71826
67546
-33618
-6777
-42538
91252
67774
-21417
74492
-66587
-79597
67966
90058
57177
-70510
-86726
48852
-9873
83100
24647
-71335
50260
-3439
44729
-96956
7164
-37088
87029
85860
-98017
-96611
-70610
90255
-17501
-40155
39277
-57648
-48166
1454
-63989
-39443
75672
-70484
-92418
-24256
-97657
-1224
-27410
-19148
41693
-38122
73
86990
-35387
-57227
-68854
22025
-31917
-80599
48971
39988
47991
-86629
59246
48869
-72017
-26906
98398
-1493
67735
-39708
40856
-53420
74848
-65838
-89193
-12098
61078
-39836
50191
34288
-8534
22489
51626
54610
-59935
72216
-29621
-48216
87040
21162
-27142
3376
83934
67200
41516
94539
22465
-64493
-62564
66468
-93406
69224
90723
93032
47647
88925
41398
61084
-49223
49984
-36829
-71180
51627
34542
-88182
-58450
67488
-56242
-30150
-12039
-67276
-42101
-77207
-96121
29177
-16088
96910
35869
40045
78106
57589
-68526
-40213
-32656
2652
36274
40640
74718
52546
-5734
75698
-23963
88659
61338
-38586
78107
14366
-36684
-36699
55471
94161
33658
53274
1507
-92329
79304
-18545
-91035
92512
93334
-11652
-22302
56023
-37485
96460
70794
-85348
-54981
31316
22119
14399
18883
-99745
270
49322
-80596
50938
-94862
95818
-40510
56681
-58410
-46379
-18229
61734
89087
-96135
-46924
-5811
-13915
-77149
14554
-96142
20119
-65924
4786
15853
58893
-39147
33296
89299
5310
-83738
11129
-53805
-22161
65603
-4647
-31526
19893
-26240
40980
-80540
29272
-29171
47763
-33886
85123
93082
44444
13715
-38358
-76062
-1890
81318
99712
-43424
-18356
-40709
58457
46973
-42223
69894
7862
59923
57867
50862
70059
90526
-21205
-6358
59456
78675
-8873
33642
-26241
97937
6844
-59887
22520
-18772
-58676
69854
-52394
98088
-88745
-8658
51212
64991
30976
48615
70349
-83939
-95102
62063
-1920
410
-3766
-79469
-60462
13145
-69476
77951
87536
-68567
-78180
75786
84700
12227
-28915
-246
-18417
-17467
-39148
-32647
41009
81587
-1557
83030
25406
65507
87453
17183
-63832
86100
16506
-33485
69007
11831
53911
-83335
-75503
69117
80375
88691
13166
-83235
15188
14686
69902
-99063
83177
19184
-25942
53839
53944
-86374
81152
-76500
43857
-48463
92540
14473
-55886
35874
-67487
77326
41280
81575
96907
-56648
-34330
74408
17570
-13268
-65542
17374
31454
-69956
-78706
-19102
86529
66482
-93685
-45918
1818
-73439
-33896
-93829
53513
-35410
23929
-27654
92061
-25671
-85167
50203
54737
-19855
92577
4273
59585
-89667
-83731
86857
65516
-43172
-16999
67401
79090
64553
37636
-84786
-31883
49208
47956
26080
-67661
38777
89128
-11465
76517
51742
-1231
-48448
31434
-91808
34890
-79864
-51859
-14186
-65318
23591
4952
-29144
24784
90138
69970
39066
-63018
93883
27312
-69699
22080
84905
2264
81626
67888
-70398
-27109
-92432
31264
71374
-44879
-59460
-11181
-78094
-56729
-17405
21198
36408
60132
-44172
-70866
28311
-91439
-56649
-30817
-55492
5190
-89638
-52563
14449
13827
-91197
39880
26328
78046
-11502
39768
-93747
47552
-58758
-81644
-73577
96508
-52173
53709
-43
-88856
-87844
11047
39932
-51618
92440
-71203
-67845
-65230
-10404
34267
-32168
53814
55065
-66126
-86018
-58402
-84596
14184
-62320
41992
64927
-56019
-59173
38637
-76537
66667
-97195
15147
-59075
95696
14004
29172
-78452
63559
60731
-63804
80172
37313
-36152
92056
19619
19497
-35877
17359
36750
-59153
80049
36767
5530
-38134
-56525
65609
-24892
-92630
-60330
35686
-79155
-86397
41046
-80159
59079
80655
84725
-24864
31892
1228
37092
-97352
-87848
80262
-59422
-11757
38977
86038
4330
-62471
-97218
-57516
-54939
53481
45360
-9676
41837
-75495
-32901
2407
59515
-57508
60292
9986
-61020
59872
82685
-51443
-96985
42555
-559
-79143
-16528
22434
80827
66532
26118
-78874
-87120
-65728
46830
-877
-30116
59247
-52739
18819
-2193
-60190
66321
91446
-26893
-25488
76399
10591
35666
25972
-7173
37679
37354
-55846
10006
-57597
87231
87218
34149
-79737
-26715
61731
-15905
-54914
53745
51453
99953
-49050
-82462
-54990
94591
56204
76832
99196
-8779
59346
-93230
-39531
64352
94948
-87850
64766
-96195
-4357
48234
3566
-43030
-90194
-24265
-47457
3219
-8305
-69065
-22207
43009
-31211
52711
38299
-36280
-15689
82868
52641
37479
91180
-29632
-1821
-55584
36293
58038
45468
-72151
87770
66593
-52328
86054
-10655
29585
-12231
52878
26883
26705
-82509
57828
63699
31256
84942
98314
88062
57847
-9165
78738
-29044
-91525
69176
32692
79125
-39217
-71342
20297
-68876
-26566
80041
-80240
-15067
28399
-58656
-29816
-45476
-53182
22759
18161
51596
-79428
-7520
52523
36262
-52695
-39635
-95176
-44490
39030
-14282
76098
-30239
-96876
82539
29784
58960
82541
90667
84734
62357
-88603
37970
-49768
4026
-91858
-26689
5152
93872
-84268
-74977
-86630
58410
33582
-56632
48737
-7396
-70765
51006
52282
22209
-24987
-1523
87140
-43805
-98304
-50177
-44641
-84745
73928
-25886
42915
14152
79344
64184
-68419
77135
-48428
59773
93595
48714
74608
51151
-80467
-20329
-15143
-52886
-36651
-20347
-17413
-82282
-64148
-17042
2776
-47078
10346
32732
83844
31610
-54788
44143
-95544
26932
-79876
-60142
-44876
25506
-8273
19256
-91551
-86689
-23839
65935
70343
-53939
92389
25469
11037
9157
79455
-68580
-57988
63502
37609
-51400
36153
8629
-3393
-92350
-72446
90725
89348
93812
-47653
-94209
24713
90716
-64230
63103
47470
41519
57270
-15153
74356
-39209
-51969
-6977
-19896
1596
23358
-29172
44859
-58823
-40469
-82057
-1641
75110
6396
16403
-75491
-15443
95502
69103
26228
43865
60794
43793
86194
-99998
-39145
-45699
-161
25959
70802
23509
-56100
-38973
-83434
-75774
-23033
5598
32392
-19841
36713
-11103
-22505
-59770
-43289
-90316
-61377
-60550
-79975
78753
24332
22905
-9516
38957
72401
83999
52842
-7085
65288
19852
66661
-43210
-92666
-66000
-31111
13380
-45006
-10678
50461
47237
-86023
-29948
26680
-73639
-52524
78184
64669
-29278
-76668
2178
86313
-57009
-31315
2880
24143
-5130
-38382
36268
54738
-78994
-4788
-89978
99409
-55323
-80964
16753
-18432
-42754
71989
-75429
-38784
67068
61356
-95694
-83657
-84491
-80366
30084
-40994
76801
-36719
39363
46545
5910
-72383
1279
-16915
-92355
77305
55544
-41437
28332
87167
17536
80365
-60097
932
7291
-42178
-91177
17918
93134
-89193
-27531
-91448
47720
-39954
-90715
-88083
-37940
-53985
39877
8348
74525
3972
-27652
20257
79585
-33928
4365
-99188
1102
43593
18802
33358
44168
85385
66768
-42334
-55335
-20724
-79925
-37132
-49327
-48122
-5898
-44313
9911
35985
37490
3262
22462
6037
-57626
-61081
-37863
-12946
-33365
41165
90945
-27792
-31956
44216
-21610
-73369
39674
14671
84440
-90557
52397
-78167
-4245
-24249
56397
19195
-8512
-30568
57021
-16053
-64868
-59591
-47978
-36175
-16851
-81336
4996
9462
-7887
4390
84152
-2179
-12109
-16082
-73995
50282
-28680
3488
49607
24685
-15549
94471
-75460
-36540
-34341
1485
96274
61817
-87201
-17873
-29490
73165
-56038
75222
-88033
48704
-77735
-54595
22654
-89772
-85533
-84051
38975
-78555
-29669
27998
-28802
9819
24355
-43527
-50851
19544
87855
-28606
-319
-95814
-8592
-53566
-52654
34018
61046
29960
27908
-14974
858
12894
-57503
9596
86969
-42040
-79257
-18060
61051
67896
41233
81269
-95577
63843
53996
85454
-47628
49398
14583
45588
-33616
48955
-87192
-18666
-68546
-99056
89957
-76907
21181
95404
-81504
35249
64192
-7669
-46354
4197
-84140
-27140
-89398
22833
67016
43919
60811
-31702
1835
16590
-72788
8824
59815
17847
-63271
32695
-19926
14112
-39665
26998
-48423
-69675
32048
-40971
75709
-9101
43831
90935
4121
77331
83191
32682
-96637
-83418
19344
89997
25539
57824
22533
63165
13302
-11378
-5442
98332
-1425
89689
4695
72190
-88045
-44946
-41955
-93016
-94179
-29732
77240
51594
13780
87298
79309
51749
77223
-26924
15840
14771
71131
-64012
33796
84991
-20170
-82570
96624
-28336
1207
-52649
47894
-84318
-34487
46340
70611
-87678
56575
-21466
888
12565
91487
-27548
-13269
-5673
-1380
17515
-13252
97167
2188
-94283
-23050
-19935
82553
64819
67477
-46500
72237
-23366
-15158
56712
99912
-70620
-87206
-65256
5180
-76899
74043
-25935
-66189
57708
-49875
-14228
29636
53686
-93906
-69542
91427
-64616
-90474
94960
84853
30462
55433
-56671
10128
-96855
33207
55362
64820
64937
85095
-8221
46630
1532
55544
20083
-76677
75807
76668
59472
85630
-10077
14739
12537
-41681
86102
1896
54928
18392
-97007
27934
30127
97478
1167
-33656
40003
-25032
-64992
72085
-62226
-51237
-81989
-91985
75203
26824
22212
-73005
-21994
-66431
3479
67653
77731
91272
-82595
-11754
93427
-20408
-34438
-9359
87995
-22414
10497
-92447
-35520
92024
75990
-63347
-85179
-55605
7137
90280
-90073
-97131
36426
-25647
43220
33801
85004
89243
17922
-78207
77969
-70999
63315
-16424
20024
21684
84615
28132
17148
27280
-60431
-72876
38254
-37575
93934
-46290
-33678
-21685
-33158
-6208
66845
-1825
70712
-95225
-33246
-70633
-1975
88504
-36442
-71862
17400
22683
67642
-51527
-80619
-74071
-13439
65554
-11091
-89603
21607
71299
73138
-411
-79364
-79213
18875
42131
-25787
10155
-27238
52628
-24500
10202
-55359
-96932
23889
59991
-75820
63654
24073
-46486
21091
-64764
-89966
52943
-80570
-79162
61215
-16338
-20484
-48763
10778
65437
60734
-73533
5143
-78628
3511
-9052
52532
60156
-47324
-76786
-75335
-86252
-39691
-24209
47403
-35616
38973
30066
-74511
97614
87610
95385
10250
23441
-69589
49828
60853
83350
-13692
-63646
-38647
62268
94491
99356
-92081
41931
42015
3000
-82711
90338
-7067
-67121
-65926
-88132
-53236
-22914
73694
70511
-77359
-28518
22384
93100
-47773
-80886
18171
19963
-56331
238
-7491
-41525
-88653
-60088
-69521
72469
-52171
-70274
92360
47084
37922
-43418
-78859
-12829
94645
-54724
-86509
-54098
75687
67852
-85453
6788
-60014
-69011
79760
-91279
-99475
48954
-30256
-28095
39511
69930
2232
-29102
28389
-50574
-43726
-23859
-90323
51788
-3676
-81971
66857
17626
29235
47251
81292
43251
25165
66868
39616
-24270
-6780
51019
-10081
-14857
86202
-75444
45487
61101
98007
10241
26971
75523
-88873
33237
88712
40134
-24006
24239
-52158
27676
94986
-14387
-72769
-59342
-94405
-43038
-86990
-6186
6661
-53935
-83541
42162
99693
-32419
-28901
20312
14665
-72545
-45480
91889
75209
-59846
-41507
44237
48816
-51207
-67914
50589
50817
1434
-42620
-79545
-73034
45141
52258
16010
62221
65995
68893
1060
-44040
-38925
-44461
39648
-62426
-23430
-62364
20542
-1788
67773
-28338
-72736
19514
37663
-27574
-63492
-56366
-84425
-44514
-82713
43317
57710
35225
-68839
93515
85808
72385
-7062
36812
-98867
15568
-58741
-29276
-39193
-21830
-32554
-44648
34697
-88207
20873
-46027
98299
-3893
28489
-28400
-39902
19259
54568
29496
-73436
-32272
-8915
63349
-67917
-45078
93914
-26831
53615
-29813
-73834
-12468
-80282
36863
20831
37637
70058
-33046
49047
65581
52086
65286
80853
-99021
51970
40154
96701
-30592
-64372
85360
-90118
-88644
-29708
-7602
14161
-63366
92924
97322
-5141
-98920
34476
77339
-95523
91859
-80326
-67529
-67653
12349
34726
44002
44983
-37361
33020
-28004
15101
79798
-58607
63802
-38276
84730
49956
99318
-84731
97096
-18091
55062
-12805
18827
54483
-77360
24638
3336
44611
14955
62403
-93177
87921
60569
30386
-12627
-89357
70617
27025
-92159
-54279
-68759
-4537
49467
93191
-29802
-33216
-86200
83015
-47008
89444
57742
-2772
-67960
94513
90263
-96766
-34480
66844
-66277
68847
-61116
-73514
-57372
27522
-92023
76250
-96562
43643
-84250
44076
-26309
-94099
-73206
59332
2603
-29204
-18428
19580
86382
-21676
72756
-30287
-56900
-93858
77113
88833
-56076
94419
-94760
90904
-22380
65079
-96882
12282
-79944
56425
-85624
27689
-39318
98164
-86466
-83789
60282
3051
-33646
-63635
8358
-42477
31470
-48212
-66871
-14008
-6525
-77016
89540
98362
86539
85071
-39736
-48730
36473
77606
-64158
66909
-98908
-53652
-17820
44459
-67224
-74455
-87981
90456
90057
-18937
64547
62843
68509
42333
-27977
25867
87083
-99950
-35269
42427
-5307
-21831
55292
-66776
-75643
50595
95827
-5215
-10695
19362
-27129
-79202
-23360
-5886
94624
60281
84601
-33814
-71789
68385
7438
-26248
62188
42714
33139
3065
61162
-68105
63370
11041
17319
97639
17534
-31648
2889
66150
-19240
64029
-55953
-15091
11416
41041
63383
11058
-93968
35285
27458
-84274
4403
61921
97528
30157
-56846
77153
98943
-61271
81601
-19150
-70213
72615
31364
49497
-60208
79330
-32003
54930
9885
98245
-73213
-41164
14329
63447
-60077
29533
74175
-58472
-69878
-72676
74227
-19627
44752
-53760
-15508
-2281
5540
70924
20848
-77951
-53462
96432
15743
-81071
-77505
14760
86035
-9799
-13712
63545
66287
-58964
79934
-56354
-90624
4964
-25813
-56809
2720
78963
26744
-22212
34419
41696
5785
58481
-38839
-43445
-73210
8229
-10335
-64657
79876
96696
-45394
-85696
-26411
-19600
-71628
11328
-13017
-21829
-76049
-50220
90788
72338
93761
45591
-91249
48710
50626
31212
77985
17252
86353
-28622
-15500
-98520
-46907
28853
-17065
92049
85060
57477
27293
-15957
52531
-83037
-55169
81384
-3552
86194
-92982
21168
-71587
-36620
29540
-71744
53039
-47210
-4170
-48594
57611
-58002
51164
74383
5184
47853
-65751
15101
61684
-61484
73492
17170
60428
48894
-36959
-29498
50890
-15304
7851
64839
77002
-43826
48606
-18531
-8628
49235
86494
29700
68896
56087
-78910
-93234
6096
-33129
-2190
52348
80255
-94675
5340
-13183
7666
89738
-70172
90012
33993
93985
-27996
-73013
-41746
-50211
-40165
-95997
-7065
-36768
30222
36864
-82568
-34092
-85389
85454
-48184
77666
92188
96964
-97870
65777
71702
-61062
-96464
79653
-97454
8918
-47214
10546
-87691
39406
64576
77496
99067
86286
-35056
5704
12980
-5141
-68619
91284
-48042
-13405
-40399
99831
6188
55643
-97677
-18384
51200
60244
7823
-22174
-99430
-73484
39813
57704
45389
-20729
71343
-35494
35994
-40467
-51444
37993
44731
-13582
5332
75123
-86180
97628
-85306
52449
40369
9340
66735
30721
-38241
40876
12213
44872
-51919
55812
-99762
-75887
-50226
66282
-13566
-94999
87242
-48691
-3994
1127
29466
18038
-20809
67323
-11285
53377
-25260
97213
17899
30187
53943
27037
81177
75606
-96792
-45615
51754
-38400
-54963
88397
-44796
-27887
-76137
-3680
-65465
-51129
-94030
58959
98528
94060
-64019
18923
-93500
89832
45612
-98487
83685
-89474
-72502
75542
93270
-13496
50708
66431
53349
-24921
-21950
61649
-75154
35265
37074
74065
-5931
50807
2284
-31773
2338
11218
1577
23626
17751
-35812
6503
72685
81653
84401
93305
62829
35916
-81169
63476
-84179
57040
62276
-1455
-5650
78415
-59247
-55280
-46134
-14650
35491
-78535
-57855
-17923
-12971
-62002
-23958
-25955
-98241
47453
63602
90160
-52313
-55028
18382
-18355
10124
-22557
-29307
27044
-97985
-69011
15677
59642
19234
17396
74052
19024
-30370
86763
-18487
-28495
34854
-46426
63081
-17813
69708
-24854
32018
29725
-29642
86852
-22074
-20282
-7002
-42540
-87365
-35441
-23115
-29761
-71546
-3903
457
-71371
-14385
-85906
11633
-99679
60821
-75422
34766
-60800
66745
3035
23592
83989
39435
20925
-31494
-12994
58073
-54642
38235
62706
47989
-99023
-49023
-68024
-90030
76520
-83695
-82940
70848
5978
55179
33813
62207
-25275
-51151
-49101
50234
15317
11710
70508
11372
19039
-75842
-37118
-35297
4530
-73301
-3387
-63200
8593
7392
-33929
-91753
36542
26646
-72605
67938
-96789
-67286
32550
61774
-95393
58916
-46346
4793
81120
-84756
-95789
61153
95918
66750
-55457
23913
91543
-1531
58812
-40207
-89261
-74173
-22269
54810
16583
-76087
-90901
39116
6597
-23234
3067
-54106
98793
10307
72708
-50007
92682
-92757
65891
-40749
-95354
92174
-48120
11038
-2783
-91677
-50712
55093
26321
-11799
97825
26659
-25592
-34931
-18595
-71843
52470
17043
-57225
9815
63579
26721
49989
61547
15841
69018
-36615
-59833
83310
42712
-53003
56132
-33841
-61052
70567
-69492
-46412
-10063
-96620
-91025
83188
84019
-78935
-99973
25811
18529
-37366
-98902
3486
-2700
-82250
-38650
-35599
-42274
73744
38988
56963
-74138
-97734
84398
99850
-96936
-51609
-85532
-22013
68410
64520
-19479
-94220
-78699
-32098
48297
-96497
79114
-73550
22679
31705
35335
96550
32764
-59226
-21463
86257
20102
-1720
-51778
99523
-32874
60695
67954
97222
64421
-9987
-67070
70398
470
26450
76844
-78269
-22759
24208
-37646
82835
29496
-35371
-76368
59450
49747
-43670
-31798
25977
-34276
97902
31681
-45560
65078
-27638
3322
-45802
20314
-2151
-82192
-37558
-92390
73878
-70929
72859
82748
2441
60086
17935
38344
-89890
-12977
-63340
15342
-22971
61975
12623
62613
-28757
-54774
49389
-40862
-40923
-15061
-28635
-91248
1559
27348
17921
55054
-17519
-8154
-88908
1079
45805
-36132
-88126
-42189
-76673
16258
-55814
52877
-35700
-95149
51659
6331
20853
-98525
-93123
-71099
-80863
-34216
-53191
51581
-2317
94512
29240
-63789
-52538
23273
30458
91249
-49520
-38319
2340
5375
-2245
54653
-70596
28893
-36501
-6668
24625
-76184
-55159
-80651
5635
-10758
87741
92157
24041
57116
-82261
42316
-66558
-80090
-32393
-9811
37647
-2512
-52639
3482
54575
-82588
56875
99618
-51773
-50959
-37892
-64653
-30858
-15205
-10754
29302
-66328
24374
9513
-16662
-25765
96115
-6409
77286
-94715
26481
33105
23709
-98512
33935
-61362
-63805
14332
17330
69495
82469
-61428
55614
-82553
-48435
-34229
83923
-70002
-62382
-71296
93265
-2906
-52742
95173
-21712
68813
89615
-53056
23283
-33329
84626
-83820
-25447
-54408
-51093
4579
78339
60483
-15213
-60144
-12879
-86746
-3636
-72657
52644
40511
36663
-57236
-77562
-90225
-55523
73533
98560
15225
20662
13684
-96089
-49106
1067
-56962
92376
76357
-32018
80238
-45212
-76594
-59621
51592
40036
59241
-10898
-87387
81006
39488
-79998
1929
-32817
-29017
-97143
98186
-54877
36555
95725
90047
-48574
17660
-46942
72499
53419
-29813
1817
-21613
37088
7734
-93358
-68754
60763
-19209
-10491
-59034
-34649
57129
37198
-33962
-27001
-93314
-93524
-52666
87866
-39076
13208
6822
-5993
-77752
-11053
-98586
62432
-66437
-42238
-84650
-704
83681
99666
-24112
2908
25434
63519
-42331
14814
-15589
72106
-71235
-82864
41922
2088
1825
-5018
-75950
22691
-56513
80982
29788
88100
-21230
-53500
17177
-39232
44263
-68414
43869
13254
47346
66663
83281
28377
-59163
26097
97521
14683
-53398
85738
9376
-46570
23202
5082
-97304
-7391
60193
95320
63068
38376
-25321
-10225
89290
-49117
-90347
61471
50648
-99078
-88020
36563
33417
-756
-61502
-82640
11849
3109
-77305
-35318
-15899
-83971
96235
-60397
-264
64657
53033
95905
88823
-76859
-16668
-84445
-26010
-71635
-68084
-45381
-99325
-17628
46427
-3179
-96744
-68481
33444
-1873
-56832
-81154
-27771
-93908
-48343
47384
-4847
84008
-94103
-937
15649
-67052
97273
-53044
-54363
-53304
-18665
57047
-88519
57729
-82249
-28247
-44687
-18774
60182
72806
-78283
61370
50033
97723
34556
73428
15326
-32582
61542
-15466
-62616
-95958
66225
69512
-75962
35410
-38120
-816
40191
11996
-86988
70039
49852
48619
78980
-34708
15139
43835
48442
-50675
-14503
5717
48344
-65234
33596
94100
76148
-95061
72810
22096
-40018
35101
-3529
86765
91174
37658
-8093
-24254
-17471
49929
-28923
81116
68899
-22919
-37596
-38075
-39186
31122
92768
-56482
35034
72228
-25354
24035
50819
-46847
44814
83228
11456
41906
35547
-78646
-68818
-25004
-57413
-70505
74945
-17341
-23624
23221
1345
-53751
-15781
-24063
67459
-27949
47170
-85950
-19475
-52808
95105
-15815
26192
-56679
-29753
91232
-70241
-58135
-76165
69708
-86334
14346
-52902
-2506
58983
51566
-99073
34410
48091
29784
-90068
-85963
16163
-8194
5352
85270
38530
-57433
-42642
-1109
-44412
38254
95702
90759
97755
-38610
-35913
25677
-55705
-21380
779
96970
-17388
87868
55857
-33456
11952
20094
2888
-72598
81682
-64631
9650
12213
-62754
-58550
-29135
-18348
78087
-26073
-59478
19486
93808
78646
79182
-75001
-35529
-23026
72822
-33979
-59793
89580
-45442
-13733
-15208
50383
-50925
30577
-14098
-82789
-46205
50250
-68613
94375
-95614
78984
48039
-92761
59039
64286
-27298
71203
-51408
-99502
54059
-82692
65836
87239
48132
55241
-26130
49089
-64642
-13455
-79791
5878
80573
-61684
51508
-97986
-9656
-93011
-71319
80469
-32667
-688
-73218
-32987
-98914
-14216
33314
-15360
-56641
-29776
-68210
59910
-50862
36094
-98964
-40152
-39800
18046
59842
-93418
-14250
14227
53350
-40414
59441
-34745
-72590
-39453
-17637
-2788
16135
-5549
70275
-87761
-7338
53210
22855
47914
21555
42484
69725
13787
24322
21811
75934
28540
-26425
-7455
31641
-25169
-84886
99112
53190
-36040
45693
-52146
85892
-42793
-28394
59794
-81354
-55434
-51859
98781
-65534
-25763
46720
-49471
-38947
9957
-4327
39348
-31708
44952
-28769
-23507
37269
34037
-63308
-14537
-30275
-98278
-4160
-72420
69437
-99101
-49916
-66802
-48304
82115
-28759
33986
-14478
47080
86650
-6935
-76641
-52539
61496
-6436
36366
-34356
38990
11858
-89266
-44754
65877
78908
-74933
81626
-29193
-43814
-62941
32012
-48435
18228
-34008
2443
-45454
-8695
-11603
50783
-9265
-44023
80437
33912
63468
-15855
27473
21570
-12249
6749
-64092
99985
39103
-6831
85129
64712
-7093
-34321
58369
-72747
84076
86132
-92235
-32154
25131
38150
-40159
23290
-84465
-82354
32329
28119
27469
57194
-16825
76069
-77749
82919
-78327
37381
75440
84728
-22866
11367
-45628
10879
-97250
-49129
-82313
-60360
-64841
-77959
-86769
90775
73040
79196
98734
23877
10101
66991
-3066
-83318
-9079
28007
-96697
14042
-942
-91279
63670
-97231
68554
-73303
-64518
-13109
-64305
-2892
54395
-61247
14580
-37526
-404
60779
-84406
-16292
-86173
-33373
34470
43034
75639
73584
-52584
-84994
-84702
-86616
42223
56295
73721
-25481
-48063
-35318
-84915
-39306
-44969
74389
10021
-10428
49571
-55259
-27822
52745
-29301
-27602
88826
97488
19514
-79030
-55632
83702
2547
84147
-61953
-14439
-82434
-18517
12716
-32739
52283
10455
-92298
64781
58411
78987
-13846
96822
-64297
-73103
-48572
18844
-24453
83145
-64525
-45086
-80355
-56648
3362
8347
-50063
-57647
-68465
26875
14847
7798
-75846
15671
-1934
29894
36263
-50639
28801
18753
-91096
-92011
42703
85593
-54757
75973
-27257
73052
-17193
42209
36483
-99742
-15490
-97751
15431
44255
-26089
10160
-62562
-43075
2605
-97559
94537
-5213
14585
-91455
-38546
-73089
82019
54202
-20136
-26645
78180
-34641
13976
43559
92692
-55936
-59277
78322
55563
72968
71495
27427
16503
42371
34326
54197
-88703
-75519
-16655
69346
82894
62979
-15941
63295
-10873
-21635
-65110
-41178
-77105
32954
53117
-46187
63796
21510
-94133
97968
-8373
19110
-20758
-78975
71551
36261
-69314
-59230
-86359
57840
44566
-42058
84160
-96990
87646
62519
-65017
-80008
74316
92897
32381
43115
27598
44235
35751
47746
94893
69689
92905
55114
19299
45211
91338
-20293
-33447
27018
-39567
47194
-53718
97906
4892
-2981
70959
54178
-46634
-10075
-47653
48748
53796
1762
-50334
-79722
-4497
-51019
-82545
-98463
51938
-76081
-50834
-89529
-99816
56282
-62088
-27634
10018
-97203
44852
99161
-13922
-9053
-57907
71396
-32497
-48561
14753
21791
-44989
1536
-6055
5444
-42333
60895
88294
26353
40574
-89608
61644
29872
-5522
-53705
-69933
-15905
-13924
-91568
41141
-67151
11579
-60137
-51708
-18403
19082
31040
-54827
-43126
-8594
-87675
60530
6208
-17101
-92320
-69629
81424
23215
48025
50443
25541
-49759
-21366
-60827
17560
86817
-42683
-91591
92592
-16231
-99671
45936
65932
64930
21036
58632
-18528
54715
-7392
3873
62062
-68142
36545
-48851
-23911
99788
33940
-40831
41180
-70274
88704
12586
-59110
-45801
-5795
72572
654
-79574
27836
-70912
19638
-70006
40705
40576
-62641
-88886
-21598
42473
68283
-7805
-77739
-3975
-73636
-77799
57813
-40518
-68580
73567
95676
-15034
-45931
93912
-37321
13551
73212
65611
-47290
-77439
26460
-2617
61544
98242
-62092
-89476
-81562
-43088
-87483
-66239
-15965
76455
-2129
67516
-87073
3030
83602
24337
-90342
19527
-20619
-61454
30243
62100
1948
-52690
24834
19612
19023
79841
48923
53333
47389
-70824
-48129
-86840
-11167
-76536
37251
-82846
-13126
-75344
43165
-60841
-36953
-12414
52188
53912
18633
51923
-41340
-87778
98368
5108
-55980
-86163
25977
-45431
-14238
-32631
-3783
39041
-60001
58041
-13793
-29682
-87328
-80200
-84740
-9621
-33867
24476
-58236
-18449
-36363
-87712
92102
44751
-2847
-24873
-50106
10229
82424
52862
76849
76555
33612
31712
67537
-84957
71129
98548
26572
-1293
-18121
-16739
-24049
24380
36666
24046
-26837
48503
66125
59876
87894
-35336
74220
37266
22709
-61283
22019
-6246
-12723
69847
98260
60122
76866
12344
-37753
63505
-86524
-82486
31608
-17476
57847
20183
-72376
55038
51570
-25714
-33946
-44026
84053
-32818
-31312
-73515
-86124
-28073
40686
-86207
13810
64616
-76715
-26500
24072
-69952
-31908
-96126
-31519
63535
-88546
2565
-11181
-64745
80792
-72346
-53328
84250
-31818
-94790
-15541
43804
-26979
-37905
-45475
-10265
-99412
483
-98448
-91241
77407
-97146
-70654
84194
96221
40138
-67975
92153
-31774
-55253
5727
62867
72104
-92501
-13248
19680
-9250
-95653
71017
-60399
6301
13604
50602
12384
-63838
-8048
47441
-91463
-7215
23490
27905
77777
91517
21078
40422
93768
61590
-7455
-24477
81737
-73339
56188
-41256
-99514
-70647
-92466
29072
-43950
78783
-65949
92064
27109
-9434
-32780
-24520
14587
-3034
-58806
2687
48488
-69434
4862
87813
-73468
20183
9009
-93277
92136
23603
-97725
17732
24017
24589
-55262
40949
-15248
-64119
50671
-70037
-88362
67203
-74380
55723
9307
-56496
37177
83507
76754
32505
78302
65240
-23495
-31766
-71030
-62686
-74810
56174
1113
-1300
3542
-73688
59860
-35685
72553
-33490
45185
63212
95265
35368
86538
-28182
-72030
1752
-15660
67600
12126
33433
-92379
-70455
-13529
79955
15322
-60358
85354
-96051
79782
68059
72808
45156
77303
78215
-40854
-15812
12033
-71285
40935
8866
-70342
12127
-1101
48084
14952
-83436
11116
8050
89190
21841
24314
52896
8129
-53432
28748
4759
-76873
30065
-52000
-10064
-24921
54680
-51991
-73860
40847
92509
-26209
14911
78057
92778
48168
80041
-3641
-59122
45957
-77340
58059
86340
-56078
33490
97870
-60242
-91086
9494
-93862
-50184
75232
12386
78715
78515
85367
88829
-6656
54802
-69789
-17268
-94360
-33314
-57211
10232
-17127
16950
-59656
7383
-33381
75323
-43923
97537
-65584
94452
-6056
-49343
7136
-71062
54621
36975
4362
35270
91610
31772
-12694
-4012
40496
-9424
-62262
45742
69412
-21217
-83006
69101
-43342
-91662
-74288
95080
32930
69313
4624
-90036
32060
81013
-99072
4453
-69834
-29351
88142
-95970
97945
-98374
30315
95514
85035
81276
-40164
70920
-13343
-85582
31857
-41748
-5651
90858
11332
-58389
4005
79520
-17658
58289
-13406
-55684
51162
-46275
56850
70891
-48257
-28495
85261
79722
-63355
18549
-43536
94884
92744
81980
-75659
-4578
83638
5433
98203
15960
3955
55838
20970
42031
8814
90265
59863
-33742
-22313
796
7726
51253
-71590
-86146
47943
-99105
-8039
-2418
-32008
-53493
-55860
-71675
-5321
-84507
6952
-79521
-42633
62047
-34357
-21010
-45139
-45431
-65752
5503
-51693
65397
38455
21571
-8514
-25974
91193
64673
86479
3836
-44249
-32080
52313
30839
-24710
-36618
92328
51095
25890
97605
75
-24652
397
92548
33794
-60276
-12123
-11488
42199
-19626
68959
-15442
-25517
95352
-57193
-17622
-96920
79305
87129
-50892
-6504
-14626
6376
99294
-75069
-24723
-96441
50727
-99911
-54524
855
-23305
24653
51654
75848
25906
66951
-32591
11663
-19606
72119
19174
5157
80811
-22527
-79954
80024
50860
-15306
-9805
-51480
80411
2966
48536
-63738
36965
-53262
35080
20227
-71746
66794
25347
-94622
68682
-31608
90235
59193
-87860
-93911
88646
54832
28068
-66800
-31496
-83430
-50952
-18242
68267
80658
-25993
-34754
2968
51921
-68025
51582
11430
-51988
-6770
-55141
-15505
-92481
-87213
40407
80724
42743
93116
55291
-65844
-1258
-82806
22277
-66647
85158
91845
94202
8962
-638
-16694
6240
-97191
25490
29006
22596
-55456
-9176
74213
73554
-16170
7434
-49355
-94001
-30456
74925
-69957
-91978
-92091
4508
-13732
-96441
79726
41380
-42426
19340
-67432
88108
62389
99881
-22684
12312
-1638
-60325
-87619
-32265
-18839
22496
97674
-11804
-24212
-1929
-88686
28191
-66300
-67157
86918
11470
8518
53723
63724
-5260
96707
-43479
-67489
-68577
-64897
-49846
23232
54537
47540
-1760
-50980
88226
12238
-6233
-68519
-17454
84095
44930
17014
-87637
-1863
10895
-38464
49684
-680
38680
-68071
-94268
86134
25062
-45764
11209
51763
75002
-28265
72003
-9921
-39380
-33309
-4733
42370
-69765
-92540
24974
98617
1052
-70449
-5175
81080
7190
8331
61906
-27944
-54352
-82114
-62690
8910
-26852
14003
85938
-69172
89507
-7872
-78258
-6954
-16129
5479
81424
-65163
-59619
18009
-44481
49656
56458
24568
-25453
-53487
8647
-10515
-14187
78252
52421
59397
50135
-35570
57923
36374
-76346
68255
47134
40461
-3715
-9315
-85554
-98307
-38570
-32116
-12441
41590
10343
-56298
-35792
36900
96720
13286
87179
70872
21984
70094
86888
-81957
-68141
-92840
-92727
43282
81242
34917
27615
-11928
-67590
81147
6618
25339
-40045
57281
-13626
23007
48533
17761
-25246
88085
5766
-86088
-22091
-52851
-36412
66576
6580
96376
98130
-41808
-91268
-68679
-54698
-46258
62698
-50740
-11435
46835
25276
-52028
-88156
-42561
49088
-69332
14385
-43417
-94340
86360
74842
-25899
79699
36116
60863
-27786
-76842
21782
-84495
31001
67149
36221
36359
-36230
5826
-65434
-47694
99381
56233
79781
96835
26452
-35256
56785
-55767
1979
40990
-67918
82610
-26377
-85420
81067
-92795
42716
84998
57947
81858
-72488
-40938
18281
-94585
65098
46356
-54023
3082
-63785
43512
24304
68806
76638
3378
9267
-18695
-72621
-3705
4006
-41322
-58993
-23190
9355
-6002
-13242
21573
72482
29681
10589
29865
32968
-7414
84061
74692
-33675
96224
-495
-13574
-36058
-90057
93852
-29688
-96231
85433
50565
-29474
16029
-84249
-9683
-64739
70344
-43991
11481
-30015
-8562
96616
5210
-59024
-38948
58699
2182
-28173
-70641
-37268
61368
24224
-14726
-94657
-8292
24818
48468
-98636
-97318
-45378
22128
40640
84193
-43356
3077
-36230
52677
12662
-2147
-4737
-87982
55412
-46671
26983
7691
-38125
11976
-76551
45996
79400
90919
82282
-52698
18962
32706
-98313
-69820
-53361
-4280
99579
29435
-73623
34583
36422
87862
40734
79632
51172
60527
-9706
-21050
-5863
82150
-1669
72109
17697
-96779
-37300
-92677
-37594
-50273
-15020
-966
59022
42615
-28462
-97240
-22035
53747
-12382
53745
46720
39989
378
66641
47465
-1696
26109
-99506
63942
-84331
-80007
-57546
-71742
18766
-93327
62362
-81959
-7461
83864
-49473
10896
61153
74147
-41178
11793
1320
-20405
64843
48422
-3682
62331
-49628
-70940
42084
82410
26191
-93453
-83480
-2935
-87124
-24413
-18711
72903
-38464
2781
27781
22530
45725
27479
-19023
-97117
33555
-37560
-16808
11294
91646
21369
34831
52005
-34366
-8490
-88987
-5659
-42504
-44655
-58781
-41161
85787
-18914
58596
1876
-61945
19161
-57535
97419
87426
-56262
-98759
-11061
-53293
49668
-99147
-60099
43561
47676
-44909
44859
-12344
-61842
47290
84215
68544
44432
-4681
-69991
-28413
-46774
-45951
-33655
-15286
12162
-44702
43740
35065
19778
51889
-82657
-87942
-48189
-47029
66329
62863
75945
-4022
-50546
84339
-80249
-62899
-50646
53581
-90236
-59693
-45263
21096
-74551
-68937
9278
40346
-17897
-82565
-48807
35309
-20521
53310
-10788
-12526
-26640
86779
-10470
5875
-59529
73374
-40032
-34047
4690
-94277
-34762
54865
-67507
97538
31352
58331
-44007
35620
75553
41222
-65098
56683
-53058
13398
20101
-58114
-36946
35938
17506
3382
51364
60647
-45012
-24850
60388
-77916
1075
40833
80889
-73816
18206
56775
60202
-52681
-21593
75775
66111
-19921
-93600
-79395
-22995
41193
93276
65603
-89598
-16574
-51531
74189
-73710
-98779
-65699
4665
-18936
59877
-32792
2960
10642
73288
-10537
-18863
-1039
26144
-88995
49744
22161
27068
-82844
-86645
-72363
31029
14962
-14741
64120
-65121
43621
35933
-92865
-87748
-68333
-67675
-14797
41613
96305
39076
-49852
-35865
63108
-62787
-36707
88084
14271
18420
-28345
-42198
91757
86427
86135
-9287
47043
-2287
-95638
-27439
6510
22083
-10931
-12208
47580
-62613
-65837
-37385
-19407
-77479
91014
-6758
35667
-65174
85789
83310
-8059
-51351
-65982
-5035
-89809
-74872
48772
61331
2480
-27462
-70331
94139
52199
-15894
-19387
-70998
-85592
32038
35549
-38767
24147
58910
-26912
-97033
-61497
57497
3147
-48747
-80496
55885
4206
3648
-93735
-81300
89228
-90884
53489
-7201
16603
76222
-9855
-3200
9402
-56737
34172
-35506
-39149
29550
28988
-91169
25961
80275
76661
-74433
-61095
-6327
15828
-96011
37623
-42111
52281
53342
-48110
52280
-76642
-74334
78620
83982
24520
21488
-22782
-20603
-55186
23577
-28533
88063
-43565
98219
-71488
78764
-35079
22203
-92532
64880
-98644
-2861
-46411
37040
41671
-28548
-3284
64975
-33774
54391
-44595
-81288
2464
-18770
-50018
-68393
-3494
37204
7712
-15536
-25763
-35779
-109
-7538
-16100
34681
28779
95887
44241
-62711
-40845
-15952
98948
-34517
-67071
-97551
87078
67275
-86330
26648
88855
3690
-42657
81787
15214
-78142
-29265
-83313
3918
-53692
-72672
77943
-33872
-80471
53979
-55265
-64085
57961
-68684
-48459
-35824
-26948
91161
-92710
-19239
91954
28021
5779
-66398
66164
-8814
-41182
-9375
-43755
-35189
-46632
-50203
-96131
-62480
57530
-64555
-54306
-4152
-3128
-74500
55937
95605
-88703
81903
67650
-7414
59321
-31526
-95922
55743
82800
32451
8242
82488
-17254
93689
57414
-80607
30808
96356
26717
-66584
721
9729
78356
-44798
-70236
61550
-60170
-18560
-50256
-66804
85415
67283
16719
24140
57448
85448
-6284
-39544
-20261
23181
-94589
46177
-53965
66421
-23310
31485
-89816
34863
59531
95514
-62434
-28696
-29622
5586
87944
65060
-89016
34044
49716
-55151
69394
-72665
-22861
89432
-7922
-40626
-27239
60678
-20395
13595
87323
-60756
-47988
23119
-3878
-43141
28631
82355
92373
92262
90036
-53344
74660
3397
-92214
-7260
-86337
62333
23385
-10008
-64256
98214
99493
-51961
-50350
-20507
-89864
-93661
-24098
-41818
-24677
-58562
-53818
-22848
2665
-21414
-47058
-41768
-71936
-4896
91639
-76248
8833
37682
9578
23754
-52940
86664
51170
-95697
-4330
35418
14798
-51819
5483
49088
41808
16536
-42706
-4530
-27531
72009
97815
91822
-86326
53032
-38856
52522
-29977
-75760
99393
-27141
-89078
-64691
15902
6445
-92382
-61144
-61674
92007
-73895
-40930
-49002
-98717
81214
-43469
68743
61638
-15489
-55608
45508
-63158
-86354
37992
-23842
23961
-98344
65870
-22840
51606
-15117
38131
41926
73678
-93339
-57236
-77626
4362
-93171
-89930
-42587
-85548
-52125
-57002
-80669
-90765
-84324
50902
58049
-24617
19924
26937
39737
31586
15556
73581
47672
56307
29823
-86318
-17518
-42956
45099
23420
3664
34847
4815
19281
-21088
9178
-61462
19568
79063
-75066
-88012
-40857
-30824
11677
-15153
-30145
-86534
-91765
63824
50387
-74388
87003
54484
14491
-94381
89856
90697
-57476
63293
43294
-55043
-21974
37495
-87773
47869
-78778
2396
-13102
7668
-47983
-27780
-12184
-96788
-11520
-65562
-65515
96573
-87748
80311
-89821
-51199
63664
-51798
84319
-38141
50021
-99622
-92287
-43851
-170
-64306
74874
65904
-36188
7056
24582
-11397
90505
67146
-48113
-90534
-20162
15279
-36988
-86679
-32497
-74473
54680
33914
-33082
-23644
-56985
79253
97552
88662
14516
-16592
-5503
-26470
58982
13285
-3476
-45802
-74694
-79484
77889
-58074
92589
43801
-69660
18176
85176
-55756
75056
22688
60754
-75437
-16309
-33781
-99054
-38224
53401
14298
11272
42191
66795
4805
24743
-1383
42388
89799
-68628
-12024
-62656
-26876
-28932
-7821
-69779
13430
-97471
40827
-57502
-67660
-32336
-64606
-6066
-13947
-93430
11265
76493
-84875
-11962
-10735
97331
96426
86801
6925
12505
96795
40461
66590
37669
-6829
-37625
-29454
84208
88681
57639
61970
57760
-64887
-52283
57938
90618
10001
66494
-67114
48572
-39960
-64232
-22322
-51754
-94353
-8028
90944
13301
-57140
-13554
22372
-74190
-95414
17504
-83735
13707
-60915
67873
23479
-78813
13853
-55857
-90663
-65418
24432
35401
-60587
137
65030
-38435
29622
-84281
-80229
5513
-97877
-70076
-38215
-34654
-452
-62737
-76747
-92104
-45914
-32071
59872
-52791
19345
-38989
51755
90824
-13946
-26790
7477
-36748
19383
-16776
65789
52294
-39103
30084
41610
70831
-53509
77449
27061
-36828
85171
-54514
-1836
76804
-10384
95241
37053
-83748
-4424
-19825
-73038
-83
40134
-30106
-76965
-64600
-62371
-97141
62258
13096
44884
-72824
-49352
-4540
15086
-38488
-52759
-24179
-46401
80492
18043
-8462
24492
-31419
-97945
84649
81663
-65347
-15997
94293
142
1938
-80369
50308
2933
-58481
-55929
-92086
26459
41261
-30431
-90312
-76144
87116
95155
-86556
44040
-30804
56426
-39158
-42467
-22839
79560
-93404
-23441
-35985
72635
30877
-24487
-13406
3690
-26569
63797
-75330
92121
16123
96638
-26090
87974
18989
76222
-15379
60075
-13941
42401
80470
51730
84284
72469
-387
-4441
-99146
-42268
24972
-31513
86022
10167
67035
-32880
-747
-9020
77375
-20004
62798
-88345
33666
-16865
-1942
-96599
-24144
-43330
51208
90278
55517
85703
69152
-22850
72815
45576
65557
-33161
32332
-73209
70944
49663
9070
-4238
46175
-60701
95763
99736
3784
-72281
-43670
-81684
-56305
-40407
-22275
99098
-92327
44735
-31707
52022
82187
-32775
-65751
10639
-95353
-78637
75619
-25657
-84034
-29730
-9974
60370
55500
22225
-64486
-50305
-74751
-43703
-8018
-37821
64895
53398
-78530
-52271
64812
-24113
-47225
57942
-31368
-10563
41280
81415
92679
-68060
-94452
-82301
-68682
-27467
77038
-25413
-70277
-29308
27986
-49619
-12080
-148
-42027
3098
-36568
-47680
29977
-52757
-38896
17705
-99224
-30881
4365
21758
-58560
10753
-12781
43729
-13106
-33354
-77790
-59045
-31719
43995
-29805
73367
60893
-19860
89402
-40630
92434
79914
-70063
64230
56579
-65431
-56984
98011
32127
79601
39074
53156
-85737
-33062
62782
-6013
-98321
51373
-94779
-98982
-30114
39612
-54825
-41175
10665
-93802
-17596
83480
-1378
19317
-96322
19106
-34126
-95540
-52565
35349
42840
47377
-5883
96929
94690
-11574
-58415
63176
-19282
-85191
4179
-4512
-41859
-404
-75615
28486
-23045
-39909
56748
56049
-29927
-27592
66606
-48449
-88365
47499
-98749
20796
-15662
23756
35561
52734
-43550
39601
9384
30440
36760
52686
-12441
-67323
-93533
-87638
2576
-50862
38845
-73180
-42127
72397
6335
-43283
96858
-26648
-86281
10863
-27830
-49125
54991
82941
-1966
-44202
-88826
-39707
-41154
1915
-72903
20704
-53165
69279
-67931
7257
-48241
97082
57620
78470
-54943
79014
-55017
36899
-42572
-76560
13152
60000
85695
58145
-69031
68582
-22200
91584
-87114
-47920
-14977
40396
-95087
68696
-72450
70581
45169
-46667
23847
30174
-95748
-99107
84522
-99258
73066
799
-37840
-54602
-67866
18979
-17546
98705
59497
4133
-60943
11180
-49088
15421
81191
46412
-99666
6519
50848
74858
88095
37598
14742
-85667
-13625
-49199
-26273
29040
18178
-59018
-87741
-98754
7856
76914
-14403
24330
-1750
-30937
-96877
55404
94295
42950
-64142
-65594
-70656
-18421
45092
-14180
58690
-288
-52508
85247
18659
5164
-48505
30982
-30694
-29475
54546
75858
-38212
-22420
-209
95027
19980
-82515
54549
70758
-85475
13004
2748
-55033
-93238
93793
-87411
26241
13172
91956
76092
-27896
54249
-54245
-43025
99489
-77932
70003
-76077
-30670
-34643
11924
-84014
-54171
59827
42887
29451
-56861
63179
-47736
-70791
-1378
-27180
-80616
11296
-94057
41133
46804
3983
62613
33204
77837
-10648
-10424
-59000
-4610
-89228
-42147
-33400
-41933
-47708
29011
-45507
-6594
-24875
-63407
-63280
91297
-86896
62879
-57588
84332
94806
73240
11562
66150
-70905
37692
87035
-5323
-26257
-52812
-41135
-9133
-4542
19422
-63918
43942
65521
-94139
3556
14346
-34074
-53636
-6826
-62176
20555
-85380
-15666
-28540
-48510
94039
-49123
58091
-13443
-41811
-81901
-76550
-66697
92697
-83931
87551
-93110
40649
-12631
-64703
29501
-39122
78290
72979
17838
86894
92224
-4749
-84760
-78369
82239
38106
-75917
-83182
-34709
-77883
-50268
74757
-74433
-2385
-59729
-74494
-38907
-53115
-27146
-24031
54570
-75991
-67455
-85115
-41200
36634
-82518
-15476
48539
28671
-74993
-67380
25227
78735
72339
-3894
56
-53402
-83600
-55396
-14433
73427
-21159
-19395
35265
33038
56470
3584
12852
59556
-90091
-32714
74136
812
73466
46286
-24053
42021
-19311
95883
-80193
44806
10971
-46447
44757
-36573
-47385
-39797
-8616
13291
-14011
39046
75731
44204
59210
75199
93193
-44045
-87067
84951
74032
6689
818
4964
99996
-85184
-1636
-89473
65535
-85590
51332
-26761
17203
-88239
40750
-12151
-89178
33695
67342
-92656
-42993
-77285
-33619
89138
63442
80079
-21835
-18527
-83351
-96332
11740
80593
-16195
28310
-41441
34770
-10189
-25312
30708
92795
-24978
-34813
-72760
-3069
-60950
9304
-55100
95779
96510
89383
83484
28906
33299
-37400
-57732
92455
17685
-36484
-56667
32521
-27092
-71064
-80082
65394
-54128
77007
-79196
99774
31982
-49818
-31435
-67435
45178
-24078
-87585
-99038
-63473
36642
31016
-91288
36666
-19089
63213
8157
-59395
51289
-83757
40543
-28404
-93004
87747
12676
-21809
3542
-21169
-66662
11506
-75925
42072
-5865
25830
-45102
-66834
39543
27601
-35171
96320
40451
-44781
-2826
46820
89282
-86750
6393
-1565
4210
34811
38094
37052
89673
50337
-4162
-46884
-98283
-64192
-27028
-37443
70764
-91418
-54260
36110
-7509
-11099
-57212
68705
44541
65664
-87996
78553
-12091
4692
67858
-40014
-33085
40284
-38400
86568
-39794
-25335
37107
-17183
44433
-96167
42931
-27977
90619
46918
-92454
-42212
-8800
-58107
-98202
-70995
-69480
-51368
52610
-21130
-40837
-66978
-80640
-76564
-73472
-34208
12043
18726
44535
12963
78156
73656
-10376
-82420
71290
95906
1545
-73574
91085
99140
-61804
-26685
-49249
-52903
-48410
-45656
57841
23478
64688
89471
-36148
64005
-9191
-34340
-64147
45447
-3874
-39964
38701
91566
-49732
-35493
-80125
94380
39967
65108
76449
81622
6471
-20597
-11640
62485
22576
-54874
-10854
12888
58720
-14122
84220
42308
42910
-71997
23417
-2961
9689
52835
94868
-17773
34445
80666
-67777
-8374
-65531
-39213
41944
-14571
558
62975
-77166
-44309
-57248
-87808
-71507
-95539
58463
83242
46297
59385
70541
-95089
-6018
31573
-92701
96291
39406
-48718
-40891
60842
17572
-28702
-19918
28778
69855
44126
-7378
32627
-36826
-14654
-53757
-35292
-38644
-38995
29052
-15011
9192
85621
89674
-419
85990
-59476
-79127
-70236
79255
-96724
85893
-33983
-7170
46206
-82287
-55083
-70948
-57007
88835
-55799
-1651
44329
56879
74543
-89860
-27201
-61528
-20161
-42915
92201
22960
-96306
12053
-63743
39965
-12381
58266
-85549
-75137
-15536
50505
-18415
-52564
52696
-34570
14833
-3566
51388
-1339
82018
94166
-99392
-25437
72865
-74495
-99000
72769
43571
52738
48071
-38226
-7330
-91809
-36371
-11167
82153
-11010
-79473
23540
17665
-61932
-11099
-47684
8153
-17908
76487
-55644
-92153
-30257
-23705
22854
-45576
-11839
73367
-40320
-41047
67821
-46249
-74813
-2814
51614
-33704
71033
28474
-96189
-89547
79451
-52206
92466
-74500
42478
-43450
57887
27329
-58909
-36576
31802
-91472
-8093
80333
-51538
88365
-95610
65906
-73359
-38141
68456
-22126
-36578
857
58042
-55684
98436
-29401
46814
-71681
-89999
-98650
-42355
-62221
-88678
-10414
59628
21045
-32496
-12350
75301
-75224
97702
71398
-50868
-71545
-45140
-73214
38346
39989
-98176
26243
-97766
-35038
68027
42667
7916
96673
64724
76825
97799
15051
76762
49883
29327
-45971
-35400
-32349
38188
18018
79504
16339
13198
-93451
-77443
47698
-57301
15256
-42679
-27897
-3404
37586
70201
64161
20245
61058
-47200
24418
20317
18955
3228
-90307
11329
-42123
-2444
-83750
14572
80806
20769
-24717
58674
-7022
-7716
-39644
73146
6950
-68777
-18367
17539
53042
5974
-60789
-63426
2633
-90175
78220
-54426
72443
79725
25583
-67023
87694
-61357
-31590
-41181
-10277
-73021
-25644
24666
4883
-99865
-10189
-15293
21812
-17097
-65537
-58805
20021
-20567
19300
21251
76699
35299
83262
-36544
-12801
-25473
21257
-37313
16330
-26092
3128
-18915
-95319
66872
-72169
-87717
64307
55748
-38720
-41277
-49674
-6065
-46447
36882
-72817
74737
-20207
18963
34074
44664
-21380
88404
-94412
-92257
-48724
48660
70567
120
-59936
-3787
30513
-19802
-40916
28707
-80253
21874
-66657
76482
-49874
-37633
-38385
-81165
57234
2156
-29724
30428
94857
-16264
-23470
45164
-78481
-82377
-44629
-82040
-11194
45008
55761
-87921
-61770
61786
-43961
10958
95942
-61297
-80148
75893
4583
89953
71295
74992
-45551
49563
-55668
-60741
81182
59071
12842
-55221
2034
-73977
27218
-57181
3688
-71861
63915
97087
-74337
-99864
-75481
40872
-98077
88312
-74931
44545
36970
31157
-20919
-98512
-69383
-58057
60798
79758
-57921
82846
-80851
-60573
-14490
-86781
8414
-25020
7545
-39425
-22589
16957
15753
-88594
-15420
7357
58715
34698
-93135
-1282
-35338
-92057
-82830
-16314
-56735
-17245
-42411
-18761
-84206