7.131351 7.184309
5.743748 6.500970
-2.134067 -1.644960
-1.880535 -2.027153
5.484154 8.108968
6.544909 7.538593
-2.364194 -0.540441
-1.892005 -0.790039
-2.089255 -2.403266
5.646804 6.720879
-2.489437 -1.121289
-1.372903 -1.749473
-2.322429 -2.114619
6.532172 8.115311
6.616156 6.914386
-2.881299 -2.134950
-2.351154 -1.793257
-1.862051 -1.557923
-2.497873 -3.108546
-1.789119 -1.165127
7.743474 6.521175
-2.578542 -3.248934
7.125411 7.857720
6.253352 7.422475
6.899048 7.341191
-2.502551 -3.243685
5.909135 6.775724
-2.492771 -1.080379
5.974452 8.111897
-2.201079 -2.701173
7.861264 7.251633
7.161127 7.517679
6.387110 7.189450
6.214531 8.204522
-2.599049 -2.009050
6.859171 6.769538
-1.883812 -1.979886
-3.081462 -1.928828
5.706712 8.111520
5.457802 6.879399
7.736384 7.429234
-1.790203 -2.105762
-3.025967 -2.421928
-3.095692 -2.716491
-1.206534 -1.429462
-2.774964 -1.591729
-2.010508 -2.494547
6.774017 7.349304
-1.902945 -2.176804
-3.070301 -2.365990
6.356673 7.708786
6.589701 7.036746
-2.408114 -1.400141
6.822748 7.411033
-1.895991 -2.892653
7.518930 7.193238
5.804980 7.590266
-2.874242 -1.018106
-2.216225 -2.319789
-2.315935 -1.930859
6.267676 7.523563
7.057441 7.186353
7.038582 6.265216
6.185302 6.985192
-1.637841 -1.623426
6.779410 7.243544
-0.967625 -1.816303
6.931327 7.006557
-1.534305 -2.071475
6.946846 6.212035
-2.254650 -2.383023
5.926971 6.937756
6.110890 6.886598
-1.201032 -2.294047
-2.012389 -2.904596
6.399862 6.392492
6.549766 7.436905
-2.120434 -1.675593
6.109809 6.292489
-2.325602 -1.480276
5.803428 7.379832
-2.634453 -1.068843
-1.433966 -2.722340
6.863388 6.297876
-2.356096 -1.709317
-0.764489 -1.953322
-2.778114 -1.474332
-2.015310 -1.701696
6.760079 7.411389
6.306258 7.320761
6.367336 7.891768
6.229717 7.304663
-1.759110 -2.236544
-2.624818 -1.562353
6.385488 5.917373
-1.853244 -2.328000
5.478392 6.660079
-2.263709 -1.828203
7.351058 6.261987
-3.052058 -0.598095
6.918561 7.894217
6.624982 7.942233
-2.028391 -1.135596
5.282411 7.269581
-2.440501 -3.059277
6.223962 7.196444
6.369468 7.501393
-2.245902 -1.511014
-2.612432 -2.176386
-3.398559 -1.647034
5.601564 6.575539
-2.781235 -1.431833
7.143301 7.607632
-1.402447 -1.855076
7.205210 7.572536
5.441568 6.498784
-1.458714 -1.967384
6.378444 7.136072
6.811384 7.136981
-2.640756 -2.816316
6.941303 8.009704
-1.791266 -2.602489
-2.161955 -1.386034
6.334042 6.868380
7.582899 7.644627
