4359
6608
7241
712
-2514
7054
133
-9045
6497
-1417
482
1868
-4109
-9734
-4063
-2031
-6957
-9682
-723
-6502
-1033
-3307
-6796
-5956
8144
5941
-5720
-4833
5138
-4850
-1971
3584
6165
4596
4782
-2406
-2010
-4334
504
7248
-2831
4835
-4232
1887
7639
8196
5112
4844
4259
-8005
-9405
885
748
-6683
8162
1610
8516
-4087
-798
3461
396
-605
-1524
-5813
5574
9931
2154
6738
-763
-2889
6357
-9437
-9474
950
-3979
8203
-9508
-3117
8832
-1776
-3368
-6140
-2352
-6608
-9559
-4651
-7119
-1849
9528
4312
3084
2646
7669
-6094
-6521
6807
-2517
-1489
8309
5023
-5520
9365
-6551
6998
-7304
-4657
8982
9465
7124
5587
592
2689
-8258
-8415
3138
7229
6600
-1671
-9249
-7470
-5786
8077
-8128
1982
6133
-1979
-2126
-3034
1372
-5138
-8991
-4555
6054
1469
-2572
-8990
2
3482
2094
-1278
-1860
-1176
-9582
-770
-5463
-405
4250
-4674
-5948
66
5961
-1840
5503
-5873
-7863
1528
-5202
-4292
-5228
-1221
3585
-733
3097
3844
6056
-2183
-2125
-7320
708
9446
5744
5880
5256
-195
-3579
7817
-9783
3788
-4248
-1983
4143
-3013
-234
-7573
-9220
-2005
-996
5718
813
1121
4587
-2017
-3823
-4829
-6788
-7446
-6012
2514
5569
-3845
-3928
-8974
8094
-113
-424
5091
6999
-3491
1199
8106
2147
-8160
6352
-1892
661
432
6401
-9905
-8570
-4439
-8227
537
-4249
6863
-4200
6313
5185
1091
-3327
7871
3727
-8274
-4084
7145
-3393
-777
5978
2828
-7434
-3225
5709
7203
-2855
-6551
-6931
3658
749
5672
-543
9508
7275
2594
-2398
-7794
6226
311
-2440
334
-2776
-4316
642
-6452
-5657
9486
5450
6821
2719
-4500
3272
9584
-7223
-1783
6609
-2184
-9240
3611
3187
-6700
1112
-2198
1994
2503
-770
-9232
-406
2152
-2625
-3487
7145
3489
9377
-3732
-6550
-8570
-8918
-7850
-9934
-8508
-4070
-1965
-2307
3261
1550
-1827
-8007
-8012
5985
6257
2401
8360
-4105
-7406
-6415
2442
-9376
-5548
3922
-6590
-2565
4659
9380
-7507
9806
-496
8683
5343
9979
-7542
5485
491
-1642
-4734
-3418
-5874
-3689
-3545
4290
2950
2830
-8986
1429
677
-2604
5948
3839
5288
-2560
-7000
1602
4444
1749
-2227
-5755
4128
9562
-1528
8481
6007
8200
-4409
-9830
-6129
4544
4539
1880
5
-7594
-2735
3797
958
3216
-4723
3328
-3896
-624
-1510
-1627
-886
-9295
4904
-4547
-9440
-9192
-201
-2433
6945
-1145
2818
-8385
9773
-3084
4943
4900
8149
99
-7069
6961
-584
-8210
-3365
8913
7489
2183
-6073
-520
6001
5050
-3521
-2863
5025
2863
1792
5540
-6774
-977
-4931
-2803
-2392
-8410
4556
-9251
4995
-1757
-4751
8346
5202
-7614
2622
2782
1961
8713
-4174
-9845
9088
8514
-4159
8865
-6646
3570
-6344
-1737
-4581
-7604
-7921
5280
-665
7760
-7595
8235
6067
-9240
-4698
-5718
9170
544
-1523
-8366
-562
1237
6032
-2141
3394
4245
-9898
7567
-6913
-9308
-3479
-7160
-785
-8581
-9017
6741
1738
-5482
5159
-2575
5085
498
-7145
7605
3505
-8118
5861
-9794
6066
2772
5734
-683
8968
-3363
-6686
-9195
-7621
-4358
-4496
-7866
7960
4693
7729
-5968
7731
-6747
1594
1940
-387
8541
9207
8762
-6682
-512
-383
3360
-3260
4749
4135
8059
7233
-6219
6430
8354
-3324
-7340
-5157
2061
-2200
9021
-1445
6349
-9670
6665
-9663
-2824
-3855
8305
1166
-3832
3223
728
-8451
9701
-6740
1125
-1540
-5797
-1674
-4881
-2229
7432
-5319
-9460
1381
-3215
-6355
-5592
-9664
-1777
-2390
4326
-1859
-2632
-5413
281
2865
-4548
4389
8137
-5438
-9293
9556
3044
-4697
-690
-5895
1331
-8020
46
8265
9695
-7138
-2154
7455
-671
5034
2365
-5132
7210
-6600
7462
3150
-7285
4614
-4690
8591
-5259
-7695
4924
-2447
-8510
-3976
-2387
1661
9076
-5504
-7436
-8472
-3378
7168
-4736
2831
5282
5810
3104
-1020
7306
-6337
-9101
5171
4439
-2720
-3820
2355
-750
9760
-7631
-472
-4236
-1020
-6500
8435
-8283
4046
7550
5856
8584
4975
-4802
-666
6035
-1211
5365
961
-2084
-7685
-744
-44
-9262
8148
4393
-7577
-1827
-6495
8292
4507
9415
-6005
3367
-1989
1338
-5259
-781
3203
4712
-9482
-2457
-7011
5063
-1252
-9932
9827
654
718
9082
1274
-6931
4102
9805
1601
3378
-1341
-1163
-6416
-3974
2353
-8917
-447
-6284
-3594
-5865
-128
1855
6964
-1943
5773
8536
3703
-9408
7612
9813
-9296
-4730
1412
-3479
4695
5794
-1398
-1442
1600
-9571
-2935
-9547
-6550
5223
-2999
684
3316
949
1529
6801
7648
3931
5733
-7057
6442
7385
8266
-3781
5612
5934
-1029
5888
8132
-4369
-3494
-944
2547
1383
318
3752
1334
6287
4288
-665
-9153
3829
8429
194
-7812
-2000
-2890
4063
7482
-4399
5156
8707
-425
3034
6242
7187
-6090
-2209
-9449
-9835
-2370
-9594
-7976
-818
-4257
-1734
6054
58
-6882
112
-2032
1927
-5431
-6478
-919
-6390
-767
-2699
2745
9979
-4231
-7636
686
-3716
3648
7236
-9084
-2217
5602
8657
-7932
4822
4851
-3480
2389
8554
3486
2731
-4423
-7883
679
6218
1821
-1640
9959
6305
6997
-6959
4556
2622
-5062
9490
6220
5578
-4824
-9472
-4873
6471
3494
-153
5747
-6600
6683
-1923
-4446
-5579
-3772
9775
1135
2390
4987
-3202
9914
-7632
-6611
-550
6985
-387
52
-1378
5651
-8469
-2973
9400
-1590
3357
517
4504
-4748
-577
5833
-6752
-4895
7072
-2845
-6399
1892
-9103
-7892
4438
-7923
-4667
145
-1899
-9023
8694
4211
2139
-7807
9694
599
-9609
5636
1917
-4792
9212
598
-6583
1129
2390
-9422
5941
-4758
-4073
-3455
-3669
9207
-7442
-4276
-6646
8256
-6254
8001
-2757
2804
3701
275
8282
3976
9857
-3369
151
5330
197
-9421
-6811
-9922
-5447
9999
4493
-8688
2154
3248
-9059
-1564
4112
-1577
5110
-9501
8865
1746
-8918
9840
-4442
-4672
-4666
-5916
6689
-8185
-213
8650
-4315
8586
-5915
2897
2494
768
8382
-9538
-3454
5127
9690
-6168
8757
994
1737
-8829
5237
-2696
-6818
7515
-5482
-3904
8650
-4769
-4022
-6763
-7239
6301
9006
1116
-4463
-4613
-2896
-2706
-7813
-1130
-1893
-9351
230
-4189
4429
-4409
8643
205
4532
4250
1556
-7676
-3634
2785
-7647
5555
8313
-3733
7753
-5228
1998
-6949
-2877
578
5620
-8181
9298
-2886
-5894
5631
-6883
7246
-1539
8047
-4700
-7614
2741
8429
9691
-8842
-6271
-3706
6592
-6407
8386
5092
-3544
1480
-588
-4180
-6003
746
3649
-6885
-3140
-942
6680
951
437
5870
4419
-6280
-1458
230
-6082
-7976
1376
5587
1056
8626
-7572
-1355
2581
6090
-5806
-7037
1647
2650
8766
-2621
8826
-8384
-4891
-6146
395
-5029
9486
-2772
-5525
6708
685
2274
9089
9288
5407
8654
3391
6411
-4402
-6720
1899
437
8761
-3442
2493
9743
4556
-2780
5237
-2837
6112
-9134
-6368
4809
-1929
-5227
2314
-179
2319
5335
2027
-6306
-4125
-2790
6586
5241
-397
-6000
-1647
8958
-7831
233
3246
6383
1669
-2512
-6016
7178
4102
-5372
-4805
-5670
-5496
7498
2095
5045
2375
8552
3090
-5769
2283
806
5225
9274
-1201
9072
-848
-2769
-6067
163
9839
5225
-6201
-5483
-24
-6535
-1521
8032
7250
-1370
6147
-6699
637
-6994
-8515
8486
9328
2253
3239
-4018
799
-22
-1925
-6946
-5307
8966
1558
-5498
630
-1445
-6006
-9592
8670
-504
-6666
-1563
-3308
391
-5978
-6637
6622
3409
1212
3590
-3551
4843
-8570
-4901
-5529
-4799
-5754
-4737
-7150
-4414
3576
-8274
-7302
-2522
-2548
8543
-849
-520
-2033
-3878
1063
9909
2970
409
-9967
-1968
4563
1311
-4173
-4243
-6012
32
3349
-7247
2409
6807
-8741
1526
1224
4235
1753
-6759
-4893
-8150
-1248
-2209
5504
-2765
2210
-7150
3761
61
-1052
-6988
2804
5102
2634
2594
4579
-2222
2932
-9328
3603
535
575
-4569
-6176
2621
-3523
-8464
9949
-1763
3415
-4483
82
-7797
2444
-555
-2254
-4464
-4136
-8750
8202
-5688
9747
4074
3661
7684
-8939
-1076
-2549
7048
5139
-261
-424
-6109
7634
-1470
-6177
6307
-6455
7937
-3493
7676
-5472
4312
-6886
9779
-4837
-5113
-121
-6765
5395
-5087
2492
-7797
-2196
5002
6406
-3791
-1823
6754
731
-3772
3393
1490
8163
2089
944
-7358
4721
-8910
5976
-2802
-1350
622
8265
-4258
8801
8527
414
-810
-8976
-4916
-2587
-5828
-8164
6586
-2521
-8593
-7977
9268
7021
-9880
-444
-1251
-4855
-231
-3486
1652
-3747
1769
1333
8575
-7241
7847
-2703
-9180
-3140
-4955
8914
6316
-4821
8822
1867
-32
1382
1298
-1272
9263
58
2910
-2037
-8453
6834
-7911
-9438
1097
7965
-6244
-8740
5117
2859
2961
8705
8514
-3222
-3641
-2456
9506
-6048
1655
-6186
-5532
-7582
-118
6673
-8527
-3333
4233
6732
2200
-8231
1309
-2802
6359
-1999
-1633
-656
-6875
7086
9599
-9555
-2175
-2600
-4254
5789
311
-411
4026
-9074
-6297
-6050
7167
-5654
-1218
-7575
165
-9897
-3260
1586
-6930
-1606
-9941
3626
1315
9674
7837
-8653
1760
-316
7360
-8377
8633
-5106
-6923
4547
-9688
2406
8022
1937
2549
2330
-6785
-2971
9766
5445
7756
8259
2655
2675
-9212
9282
9827
2426
778
-4331
9234
-1158
-3891
-749
-8919
3416
-1873
5511
9401
-9689
3905
-5322
-5413
-1742
726
7740
-7333
8901
8015
-980
-3893
6809
-2128
6275
4056
1071
9166
3110
-536
1768
-4580
3966
845
-4632
1843
6932
-3808
3348
7843
4306
-9695
-2569
-3356
1792
2813
7784
749
-635
-3334
-6873
-1964
2111
-8314
297
291
-671
9814
-6001
1435
9724
-3680
9999
4845
9627
-6151
6424
-8606
7400
156
-2724
-4233
5940
1286
-6557
6585
7838
167
5658
5798
9055
-9861
-8658
-4688
5928
-3574
9945
7481
-9642
-5226
-3768
-1555
-5077
8932
4271
-2562
-4066
8442
7988
-5029
-6861
9006
-9182
-8710
-4210
9448
5901
-4870
45
-8834
-5420
-2923
1539
-2139
4204
-3598
-971
-2679
8615
-9936
-3520
7622
-8632
3873
-8793
-4948
-8178
9554
-2792
9473
-8495
-6060
-4691
6690
-2456
-4512
-7579
-948
-4532
-7433
-8534
-9242
-1352
2574
1017
-547
4965
-8726
4165
9052
9268
-7489
-7356
6166
-8372
3979
7578
-2312
-7281
9147
-6093
7393
823
8973
8110
5611
-5484
7057
2335
6137
-4757
-5247
992
6562
3303
-3771
6719
-2352
-9090
-8348
6910
5439
1360
2676
2599
-4341
-9607
-9675
5748
-282
6878
-9170
-1343
-9061
-148
68
-9996
5595
-1115
-358
3700
3922
-4418
1579
980
-3774
1096
-6949
-99
-161
9923
3996
9700
2084
-3285
-3927
-4897
638
-2031
-4809
-6299
-5608
4117
-3221
5948
310
7989
-1732
4104
6383
2492
-8519
-9053
2384
2285
9512
-7511
-8885
4957
-1089
-2668
-7418
-6168
1176
1912
7006
-2132
-7986
-8332
-6297
-3538
4727
-921
-1844
-4937
2793
2815
-4229
2620
-5303
-7573
3866
2463
-1142
1901
-5084
5315
-1656
-1959
-4499
-9188
6800
-1922
7497
-2590
910
-6965
1138
-3528
6164
6261
1209
9816
4353
9234
5503
9059
-2270
939
2060
4744
-9747
4140
-9397
9777
-2624
2283
-3348
-6872
-8777
2667
7894
5657
-8966
1647
6216
2111
-9712
192
2151
6597
6616
-5077
8873
7204
9358
-412
-5595
-9692
8164
-2156
-4208
3180
-1259
-8419
-342
2991
-9212
-1701
-3489
2076
-2286
4024
-3941
5335
-5737
-7837
900
-3745
-2722
7593
-2993
8785
-1679
-8474
9146
847
-9095
-4562
-9250
-5858
2926
3836
-6453
-2783
-4524
-6107
-971
-1066
5343
-3670
5415
-9853
-7532
-2587
-4540
8106
6853
9448
9880
9822
-290
-4144
1793
-6312
-9106
-3784
7289
2345
-2255
-7880
6855
4884
6618
1504
164
-4459
-4736
9880
8048
8543
6947
-6268
6606
-1347
3228
2206
-7086
-9123
-4062
-553
-187
-7673
-4004
-153
-6477
-9947
-4889
-7918
-8330
1931
3360
-7843
518
-9586
908
-1960
6424
9106
9271
973
5845
9999
8561
8347
-9882
2794
-6433
2119
-4794
873
-8527
2165
-3400
2773
7589
1916
-5353
5778
6106
-1031
-1240
-7786
-8642
8892
-5466
-976
-3304
-4019
5491
-9555
-78
-2033
-8311
6537
2275
-2877
9495
6218
1391
-4108
3192
-1979
-2075
9486
-339
-8585
2930
8050
-3006
-244
-7751
1604
9657
5671
9899
-8372
6692
6394
-4104
-5449
-8840
7920
-9227
1399
-9716
4305
-6420
2706
1352
-9429
8286
5620
1709
-776
-6462
8926
6199
-1046
-8654
-8081
-793
-1412
8887
-4588
5806
6878
-3114
-8959
8522
-4298
5095
-9679
6458
8554
6173
2425
-4856
7448
-9894
-1015
5583
2357
-2773
-4706
73
-8179
-6626
5672
-4194
-8422
7877
2411
6286
2487
-2990
-5099
4783
-5264
-7765
-1864
8300
-2003
3591
5435
-5165
352
-3735
-6804
8361
1859
-5585
577
-3774
5366
3272
-5742
-5906
8209
-4639
3168
7668
-4434
1773
1903
4007
-645
-4088
-2436
-3993
9974
-5188
-6193
-4914
-6707
1166
7867
-6735
8580
-6912
7572
-8481
408
-7767
7919
-6268
-4522
-1132
9942
-9156
-2340
4656
-2782
5154
-3538
3103
6063
-543
-6315
1347
-3151
358
-5231
-1554
1826
-2411
3126
-9637
3555
9104
-9702
-210
-545
-1533
-4916
310
3797
-4598
-3417
8367
994
-5366
2203
-6439
6978
-4996
3035
-6438
2665
-7621
-8690
-3029
-3244
3271
-4454
8645
-6034
255
-444
-2632
-2786
-619
181
-1719
4922
3928
-3282
-10000
-4245
6476
3755
-3134
8531
-5856
-8810
8544
7937
-9826
9499
-7033
-4245
1666
7861
3768
9747
546
-2102
-9322
-4062
281
-8986
-8542
6524
-9407
-4389
-7436
5971
8660
997
-7194
-6408
2338
-9173
-9673
5665
3289
6575
2100
2317
2268
-5982
-7944
8169
-7820
-1025
6620
9042
980
-7620
-6225
-4089
-593
6710
7398
2232
-9351
3292
-9209
-2358
-4394
-9209
-5213
-721
3665
894
241
3937
-3976
-4866
-3641
2483
-8980
2331
683
-8109
2252
7801
8575
-7877
-8170
6254
5337
6647
-1325
-9478
-4742
3035
5144
-5754
-9234
8382
-6243
-3955
6805
4487
-1943
-330
-5521
-6620
2142
3468
-7185
-4604
-4666
-1946
-2636
7385
9431
1575
8621
-4965
-7504
-3950
-7718
-989
-8826
-2766
5897
-9915
2055
-924
7173
3155
-7018
8595
4497
1286
-9979
7343
6052
4247
-2439
-2778
-5278
9745
4554
6406
-7172
-6617
-9488
6963
-1872
-1611
6824
4925
395
-7611
-23
2538
-8316
-7970
9920
-236
-3850
-3964
794
-723
-4884
8410
136
3387
7496
-7509
8548
-8435
2174
5423
-5283
9020
7262
-3319
-1734
-478
8029
6511
3176
-6103
-7692
-8318
6020
8744
1053
5047
4735
-3660
3138
-9282
1979
8569
4362
-6826
-8718
-3490
8378
-2252
3426
-9019
-7434
-2305
3902
174
7588
-1349
-8475
2443
-9138
-1844
-6610
-5985
4952
7242
1645
1437
-4663
-8058
75
6427
-1985
-4327
-1495
-3969
-5317
8176
-2946
-3976
-1018
752
2187
-1780
7994
-4329
-7875
-7298
2140
-2674
-4198
9215
9096
-5371
8130
923
-4560
-5784
636
-9920
-5962
9069
5045
-1089
5221
2032
-8586
2369
-1695
7918
3126
-1201
5894
-6138
-3392
-5470
-4085
2543
-8645
-2169
-8992
6427
-5765
-4159
1159
1721
5826
-9958
-2418
-8702
-7770
-8425
6987
3238
3494
3575
-1589
-7674
-7462
6202
5892
3669
402
-5279
1026
-4496
3321
-6273
-5521
9223
5960
-6410
-2122
-4708
6687
-3803
7141
-8695
-2289
450
7315
7087
7935
-5198
299
-3599
-1152
7294
-3879
-3556
9728
-3882
-4426
3480
-9850
1362
-1383
-7062
6763
2421
-5747
5894
405
4793
-1312
-7758
-1453
-8782
-960
3158
3322
-7965
7088
-2062
7754
-7633
-729
331
-6972
-4417
1673
6596
-9522
5142
-5521
4031
-7201
1167
2776
9771
7251
-98
2220
-1882
3506
-2757
-5131
-743
-6329
4903
-9511
6199
5764
-7349
1597
-3242
-9303
-260
-7324
3001
2102
7869
4118
6326
-5738
3371
6933
-676
-3123
4736
-340
9636
-4077
-2677
-9161
-505
-7953
-637
-6302
-3066
-9763
-4686
1144
-3381
8918
7227
-5726
-6131
1798
-8921
-4915
-7773
-5895
5331
-2782
-7206
-3968
6633
6984
7078
4171
1460
-4791
-3548
6090
3772
3978
-9807
8017
7678
3221
-500
-233
4380
4444
-511
6639
9846
512
9542
-1210
3733
698
-4382
4771
-3831
2812
-652
-7122
-5679
1225
3319
1425
-505
1391
8415
5918
2224
8342
-4725
-4047
8670
7193
3688
-7876
1884
7127
-8739
6915
4116
-4300
1832
-4420
6595
3243
-6280
2763
4492
8920
5559
-3226
-6484
6369
-7914
-8825
-7347
4958
-9419
6037
5409
8152
3877
-3519
5186
-3414
-9136
5941
6433
-329
-5544
-3467
-7543
3352
-3637
-5020
1553
8720
-4043
-7941
1480
1189
-682
-3224
9023
-4059
9218
9837
8495
-2334
9285
-3537
-1866
-6112
6818
9690
-9629
792
6795
4822
-2287
-3180
8878
-2043
3707
8540
-8134
2646
5573
-4038
-448
4276
-4538
-6309
6975
-5322
2574
-3423
5143
3576
-8610
6370
9793
1737
-3889
9578
8974
-9583
-906
-9238
-3044
-6090
-191
7391
-6507
-1553
-2721
-4289
8106
-7505
-8903
-5761
1106
7759
-8437
4422
12
7841
4399
8144
5356
552
-4689
6780
6623
8098
3192
-3492
-5869
8346
9620
-6313
3297
214
761
-2665
1397
-3591
-4206
-203
1297
-5113
2726
-9902
-7160
6785
-1760
-3031
-2621
4138
9097
-9400
-164
6587
-334
5665
674
4604
-830
1956
6655
-8129
9792
-5682
-4271
618
3205
1244
-9289
-751
-6674
7326
-8949
-186
4863
-4074
360
1723
6319
4730
1284
3753
-6277
3976
2377
-1604
-889
-7715
1151
-4058
6242
-946
-8954
6896
-9777
2201
5040
5370
-2433
-5449
-1339
2329
-9954
3545
-1948
-2755
5186
-5396
-9575
1587
-6883
1264
4718
6349
6344
452
-2832
6855
9324
4273
-8756
-2023
4179
-9151
9032
-28
9484
3210
-5128
-5889
3377
-4340
-6184
-3663
-3341
171
2846
9101
775
3514
-2439
-2622
-2313
6706
-4553
7079
5819
8225
6004
3283
827
2881
5381
5332
-3509
4368
2147
698
-5285
-1031
-6318
4130
-4044
-7184
-6301
5874
-9130
262
-8705
-8600
7031
6973
3165
-3267
7157
2791
-9279
8835
-8145
-4521
3339
-6040
3509
6001
-1414
850
2847
-130
3479
-278
-4409
-6922
7314
-4199
-1683
-8408
-4105
8464
8330
6096
6352
1291
9606
7647
986
-3107
5419
-2341
-594
-3316
-8852
4957
2654
3732
-9865
3329
4443
5383
753
-6709
-7778
-3424
1578
9983
-3241
8325
8902
4320
-7044
-2020
5408
-2602
-6989
3732
9298
-329
1483
-9969
-6566
447
7254
-2231
-4054
-2198
6838
-3777
971
-9542
4601
-4896
-6771
6284
4532
-6528
-6025
9318
3471
7640
5221
7015
8763
9273
-8305
-4308
9059
-6790
4957
-6529
-435
-6769
-1292
-5526
6989
871
-2937
2628
9228
8656
-5850
-3338
3752
2425
-5101
-504
-3087
-5353
-5081
-5918
-7930
-9834
-8797
-636
4918
4232
5439
1677
-6100
-78
-4488
-4005
2842
-4522
7985
-2201
5595
-2911
-7887
5261
507
-6760
-6406
-3033
9613
3779
-9435
4652
7506
2939
9026
8580
-3750
1937
7178
-6710
-4820
7964
-6854
-2744
-3184
5052
6971
2302
-3761
1223
-9300
9297
-8350
-2275
1148
1933
9117
8075
4029
-9680
-1769
8810
466
5781
8821
2565
5626
-7570
6431
-2732
7406
6705
4212
447
9260
2044
-8981
9364
5804
-6299
3240
1668
2641
-8481
9126
-2098
-8491
-5441
4696
-9463
8622
-4451
-7477
4939
7519
3489
-9759
-5322
-2831
2746
21
-4234
-2323
-9693
2458
-7472
-9874
1497
5226
-3141
-9415
-3719
-442
-9680
-4350
-3183
-8538
4205
1710
-8486
3650
-7417
-9659
3497
7982
9799
5099
4035
-9041
6075
-8548
4392
-6863
-6799
-7621
9985
6531
7684
-3623
-4527
118
-1915
-392
7650
-16
870
1682
3999
-9927
4480
-1158
8268
3709
-291
-9353
-5530
-5939
5869
-2303
-537
-5429
7087
-6969
9663
1569
2585
9000
4474
-4528
-6771
3681
-4481
-6526
8837
-7583
-2221
-4021
8508
-408
993
3889
-7353
-3185
-3105
7803
9066
-8579
-5570
9018
8753
1137
4074
8946
4631
4466
5294
7782
4429
-6846
-9942
2291
-9332
8750
-2164
4285
-9689
6614
-2652
-5054
-7168
7858
3955
4489
-7927
-4389
2691
-4904
-2732
-1365
-256
3879
1125
1559
5627
6043
-8899
5285
2116
-1094
2578
1446
-7324
-8463
-4521
3605
2927
3927
-5331
-3843
2874
-9430
-5235
-9197
-7436
4261
2652
-3977
-6768
4635
-7057
8538
4402
-2902
145
2154
9796
-8954
-5963
-7560
50
-2452
9543
-4328
4613
-714
-1989
8816
6263
-4065
3342
-9072
-5263
8848
-9331
-8608
-2252
-1253
-927
8060
-7858
3268
-8311
-7174
7899
5197
1326
-6164
2814
-7739
5707
9279
8187
-591
8393
-7625
813
-9337
-8946
8083
854
5007
-4012
2676
-9136
-4363
-1383
-5012
9606
7529
3462
8129
-9560
9963
4786
6818
7993
4219
-4028
3065
-1198
194
-4611
8008
-9295
-8548
8791
4625
-6946
4995
-1524
-5137
-9427
9568
8889
2004
-5831
-4604
2373
-9258
-3490
658
-1195
-8306
-8717
1465
958
-3174
6956
8205
2610
6990
-3228
4936
-5906
-9171
2559
-6770
-8634
1531
-9091
2436
5220
-1045
-193
309
-7356
5561
-1899
-5244
-2850
-983
1203
-704
-6724
-455
860
9931
-6517
4139
4880
7378
-193
2989
5742
-8661
-5653
-3002
7165
1955
-9247
6810
5474
2255
8878
-6337
7351
7277
-8758
-2872
-5965
9052
-2195
8189
2882
-4245
2704
-6543
-5313
3494
-8113
8085
-1217
-1988
-7786
-2669
9407
3735
-1675
-5378
4968
-33
2313
3095
-2510
6739
2845
1814
-5836
2745
-8935
-9721
-7170
-7316
-3869
-2274
-306
4025
1181
-921
5839
-7340
3283
-2713
-6570
7005
4566
-7592
-7045
8076
-4833
-5355
-8465
2153
-7144
-5880
7109
-2587
-5134
2145
-3260
6577
1081
5833
-2847
-5751
-9352
8386
8819
-9325
-2407
-6948
6261
8836
-108
-9251
-2510
-5831
8335
6999
9738
2696
-5165
-1758
8310
-6477
-7661
-3382
-1444
3417
-3749
-9240
-8477
5207
-7047
3747
8812
7137
9951
6415
6036
-9533
9810
-1412
-698
5053
2737
2822
416
-3175
-1183
7270
-8849
2393
1249
4473
-3787
-3996
-2154
9943
42
-8055
3151
8218
-3839
-8054
9870
4319
-1363
7035
989
5454
-23
-767
-8140
-3227
-7609
-2335
-900
-3149
5793
-1208
599
-6627
-4821
9977
9651
9832
-7900
282
4373
-6204
9397
9831
-2549
-7596
-1106
4926
4375
-3447
-2759
-5617
-312
4620
811
-719
-9024
8962
9464
-6803
3882
8900
1949
-3979
-2438
-7553
-4328
-2617
8875
795
7589
6430
-702
5389
-6338
-2200
381
-1617
-5599
-8050
-9084
-4417
6640
7072
8241
-2089
-3910
-8801
8151
9498
4821
-8215
-156
1344
8601
1400
523
646
-2876
7591
8985
6759
5198
3406
-7607
-6403
-9040
2774
-434
-6119
-5920
-4926
5158
-5381
-6536
-9235
7707
2988
-166
7745
-4859
-8673
-2611
-1334
8253
-8476
2926
3175
-5396
-519
3358
-2122
-4075
-6834
9766
-5616
8204
-4832
-6844
-4274
-4029
-3982
462
-8145
-1566
-6842
3520
-2759
-387
-3640
9747
-3151
-6586
-6378
-3081
8637
-9832
-2366
-6033
-3863
-9376
-8434
-3563
-1658
-4394
8036
-7597
8041
5893
-9386
-397
1063
6295
-7379
-8820
-1515
-9362
2208
4901
-7220
7524
-3584
-4687
2746
-7276
9240
-7137
-7988
-4150
5307
2948
-6851
-5079
-3848
1622
-1268
2715
6456
-8019
-9975
1102
-26
-4003
-1926
-5108
-1417
-8032
-3964
4071
-6705
5843
-8483
-5779
-6995
6370
3771
-9596
4530
1523
4251
4269
6948
9967
-9726
8783
-1440
-6044
-9229
-3900
500
7949
3070
-9752
-5104
2208
9488
9952
138
-664
-1349
-6012
1909
9716
-528
7428
-3478
-8336
2384
-31
-138
6554
-3552
-4698
21
-9498
441
1594
-4141
5651
6957
9561
5681
5853
-6099
-2498
7403
-1062
1840
3661
9677
-8057
-1980
2324
-2411
5160
3929
-2623
3889
-4970
-7828
5332
-6548
-6793
-4478
8401
-9939
-1709
-5082
-8211
4368
8350
4844
9657
-2203
-9520
-4632
-8600
-4089
2992
7288
-4127
8417
8019
864
-2423
-1002
-4344
-9808
4511
7604
-4919
9645
4660
-6730
4587
-5573
1963
1091
-1716
4240
-970
9651
-6010
6517
9411
-6
-9232
-9329
9886
-1074
-9996
-6141
-5099
3380
-6393
6283
8411
-6295
-4544
-531
5645
-8176
5417
-5737
-237
9056
6902
-8861
1477
794
4631
2725
-3081
1780
1331
-3467
-4218
8462
-5376
-6860
-177
-6779
-2655
-6571
9367
564
-7652
-5488
3611
6382
-2778
3026
-4303
7296
8420
4229
5718
-4579
5598
2635
-2397
5408
4091
-5059
-5526
3200
5921
357
-3776
3791
-8187
-7044
9865
-6364
1858
9251
4852
6224
-989
-1710
9720
6190
9619
-6232
6612
-4523
1924
-8534
9413
8956
-1769
5526
7249
1059
3307
5189
6462
3885
-1375
-8279
8848
95
-2120
5440
3837
9296
-6908
-4191
3315
7097
6662
-9473
8115
179
-2729
7714
-9932
-9023
4955
6405
-8803
-4390
-3334
9792
-3440
-5153
-3139
-3938
804
-6251
-9386
5000
9190
-1389
1744
-3206
33
-4383
-2652
8936
-6022
-9979
1128
6148
-8113
-2749
7831
7218
4317
9341
9880
45
-5482
-4575
2823
-3824
7421
4479
4087
4253
-8407
-8606
-3095
8593
-339
9317
5276
-1065
-6182
-4512
-6253
-7319
576
-8968
-4643
-3510
-3306
-4512
9339
6954
3978
610
6236
-7027
-2313
-5264
-639
-5394
3276
-2578
-1786
8474
-5701
-2462
7898
-7435
9653
-3645
9260
-4070
9381
7425
-7542
-1478
-7080
994
3829
9700
-6521
-319
2147
8638
-7006
-4407
-4919
9280
-1157
8330
-6556
8032
-6993
-4503
-6133
131
-5174
-4014
-2629
-3850
-1887
-6445
3616
2850
-7579
4075
-5209
-9090
-1397
4082
5972
1737
4512
5435
-5068
3678
2084
6783
-6625
9930
9961
-1186
-6320
-1526
7984
-3661
6403
-5380
2153
6044
8865
1624
-9021
-6202
-6675
-539
-6073
-8867
-97
5886
3544
-4317
5707
-1454
6134
6436
3395
-9984
-5827
-4064
5430
-4952
4851
2928
-5263
-4366
3229
-50
-7788
8204
5389
-7411
-287
1233
-9307
-3460
852
-965
406
6711
-5495
7739
-1817
5220
-1076
4873
1642
-6577
4403
-1084
244
5577
7941
2939
-1536
-7261
3350
8915
-3316
-7618
8090
-4245
-563
-7388
2207
6780
7198
1240
4240
-6620
-194
-750
-1336
-2475
-1349
3244
-6302
9350
-9158
9021
1192
3656
8590
4888
9685
7788
9346
5818
1373
-5368
5362
-4410
-7628
4650
-2435
-8223
-4896
-8072
272
6898
7024
3953
9778
-9505
-2854
5176
8427
-834
-3040
-4782
-5529
8034
8883
-9619
3259
5617
9072
3304
7531
6954
-6747
-2228
176
-3489
-4885
3153
616
6310
-3327
5414
834
5873
6319
-9416
-7099
-1061
8351
-6386
-1492
7148
1040
2835
8818
-7125
6946
-1283
-2448
-7773
-2158
-9736
7793
-306
-9509
-4758
-1263
142
7945
7517
-9307
5939
3384
-9271
-7034
9983
-1978
-9415
9363
-4355
7375
3488
9881
-30
-7435
9959
-1881
-7763
1247
-4992
-9803
-8850
-1517
-6884
5974
672
1311
-9110
-7729
-6591
-4595
-258
-8967
-9337
-9881
9099
-6174
4851
-414
-9415
4366
-5872
1549
-2398
80
9082
8186
2047
3361
1094
-7802
9698
-8337
1362
-8819
-1789
-7743
4389
4360
2898
-856
4003
3349
6218
8574
3555
-8051
-658
7615
9279
5899
-644
-5066
4968
-5818
-4357
8000
6279
-659
-2463
4270
5296
-4599
3183
-1007
-987
5225
2873
8637
8617
-3150
8089
404
4209
-9241
-9633
7644
7753
5474
7874
-6795
9880
7113
-4621
-5337
-9100
-6409
-43
-2070
-9765
-4526
8204
6330
-1083
2026
-9857
6971
-9110
2752
3297
5004
-9242
9850
-4970
3022
-2724
2617
7750
-1697
-823
-8415
-7030
-7423
5901
9588
-1374
6047
6835
7101
5619
3064
-4456
-3943
8349
4786
6855
-5076
-6914
-2302
-1454
-7741
-5427
4733
6587
-7422
-1675
3035
-6498
1951
1176
-4977
5214
-7212
4148
-6028
-923
-7001
5050
2193
-9650
9241
-5287
-3623
256
5180
-8058
741
5115
-6622
6379
4188
-92
-1642
-9675
-3892
-5914
3462
2740
-7057
-719
-40
7907
6061
-698
4750
-1282
7766
-7753
1607
-530
-6075
3880
1072
9614
9704
-9816
-6738
-1544
-4688
-9120
6313
-8819
5058
442
9284
2080
-8966
168
3679
-4675
8157
-2974
-8472
-3012
5204
8491
34
-5965
-9909
9083
-6478
7136
7746
-55
-8792
2566
4992
-6673
-2531
5858
-7376
-898
-3045
6056
-4020
-6064
1336
7899
9261
7418
-6394
4059
7433
442
2842
-2304
2092
-4189
7320
3301
-6375
796
7235
-7306
-3634
-2924
-8476
4817
-80
-6307
9001
-2064
-8551
7354
-5606
423
2186
-7581
2338
-1338
-7274
2301
1788
-9118
-4383
9490
-8828
5360
-1542
-8733
-2325
6226
-9785
-6909
-4620
7673
943
9060
-7864
-36
-5343
-4095
-1436
-304
-691
-4855
7126
-5287
4604
-5833
-9780
9499
-8162
8630
2644
8628
8527
1757
2822
-4504
-1174
-6316
-4817
8000
-3126
5399
7860
-362
-9791
2071
6252
6297
-3116
-6619
-3550
5382
3969
5228
4471
-8348
8489
-8667
5179
-1416
4574
3352
-9534
1771
-7937
2939
-8704
-4021
-1998
58
1105
872
8588
7899
-1580
-1603
4154
-9853
-9078
-8176
-278
-7052
5248
-3122
1986
9687
-3106
-1897
-3009
4832
-5479
3496
-4650
7858
-6124
-456
-6467
-7559
-6906
6456
-4989
4242
6115
-3826
952
-4655
9480
7975
-8423
7424
7007
9530
3688
-2028
7446
8809
-4183
-9110
7727
-2400
-9741
-2126
3335
9600
-8372
9082
-1643
5666
-6293
1229
5664
-1292
-4456
-8930
-3341
5300
2148
4564
9423
-3360
9762
2347
-8822
7868
8899
-6882
8535
5552
8160
-9357
-8638
-8600
-2983
-9528
-4824
-2648
-5714
5700
3276
7763
-7000
47
7122
-4184
251
6355
-7628
9939
-8422
7332
-2859
-8791
8333
-7650
-5922
-769
1098
-218
7280
-4064
-6099
203
-8806
7106
-3033
7678
-790
-2704
-8900
4760
7847
1907
182
2057
652
-4928
-9688
-144
6538
-9267
-5145
-867
7321
-1997
1859
-2818
-3468
3700
-4909
-9744
-2043
-5943
7224
-7752
9488
4101
8338
-7520
-7299
-4213
-3128
-5020
-3599
-2933
5931
-6418
8246
4186
1607
9295
7209
-2966
-9015
6024
8706
-1622
-1186
-4387
-6271
9087
-2280
9228
4870
-2280
-5883
-5261
5018
7304
-2196
-9545
-175
-3782
5392
-4695
-8146
1256
958
-1578
-6212
5839
4632
9557
-9907
2105
-3154
5295
-9941
3844
8944
-2052
-940
1102
6502
-4482
2630
-9864
-538
5720
6947
-9913
4734
-5471
-9078
-3078
-1596
8293
4112
1501
6422
6632
6693
9841
-4613
6962
8890
5753
915
-7146
-167
8109
9744
-3849
-9879
-1025
-6903
-9476
9234
-7830
3409
7181
-2841
7918
-3252
520
-7361
7680
4754
3401
787
123
5016
410
-8421
-9978
8988
-9951
-4866
1882
1704
9285
-3456
-5296
-1274
-1981
9644
-1025
9988
-1915
-9430
5226
3855
-5571
7668
-7930
-5006
7724
-7544
8879
1291
4838
7658
-2428
-7999
8023
2811
-2368
1755
-2202
-8416
1221
-7491
-3883
8903
3705
-1794
-2121
9882
9892
-8453
1790
-7586
-574
8022
-1125
-231
1499
4511
-5579
-2280
-9135
-881
-7236
-1309
723
592
-7300
2033
-6055
5582
2367
3124
8418
-3069
-1798
-2187
8866
5385
1034
-221
-544
6603
-3725
3488
2639
-901
-9988
-6982
-2584
5761
1524
4274
7725
8975
-5373
-1733
1695
-5461
-5726
1437
2496
1236
6826
7989
-1197
-957
-3361
9630
-6798
-4629
-8060
8493
1097
9112
-2418
-2768
8877
9138
-5027
-9864
-7743
5681
5953
8648
-3908
8699
5471
6039
-9225
-9204
-49
-4623
9891
-5304
1445
6477
8702
1179
-7537
4155
-7111
-5281
6036
-205
291
-9576
-3829
-7894
-6477
8971
6625
1918
3379
-7962
552
3790
5325
-3916
4420
-9607
-6305
9927
5526
-2063
-2880
7652
-9867
9242
-4791
8293
5432
-1159
-3281
-3913
-7474
-9803
-4757
-9528
6500
-700
-5552
-3478
272
2183
-2840
9349
-2326
9911
8548
7474
-7758
3785
-9081
-4531
-1323
-3955
4924
2736
3282
-6883
-5009
-1301
-9134
-3557
8595
-6817
-3693
-165
-6417
-7387
-1327
2326
-8927
6976
-5518
4898
683
5756
-9197
-2583
-4174
-5340
8347
8719
6671
6595
4214
940
-2137
2611
1515
-3098
-1267
7768
-3966
-65
-9337
1445
1164
5597
3894
-3285
-4305
-1841
7445
-1622
-9137
6741
-899
-7756
-9268
5665
4989
655
3409
-607
5378
7941
-5114
-5271
-3944
-2828
1523
993
-9011
-3223
1426
-2205
9538
4250
5131
5630
-8299
-5346
-6599
-2731
-5384
2331
8835
-118
-5753
-917
5265
-2464
-1320
-6759
9278
-9706
-9871
4581
7541
7620
-9505
9458
-959
2391
6403
-7869
9579
-8797
8205
-8715
36
4904
-9617
-1726
-2865
9352
-5877
-4046
-901
3243
290
7930
-8364
-5433
2162
9199
619
3102
-6200
-8627
1678
-8837
5952
1315
-8564
2106
9047
4057
9425
7636
3777
-579
-5552
-2274
4950
9669
690
4461
3716
2474
457
9791
-35
8252
-8955
4863
-5513
5322
-4986
-7008
-1795
2223
-3012
-1298
6228
-4846
5871
-684
449
-1288
8043
-2655
9568
6056
-4367
9959
5227
-4683
-1865
3631
-1483
-3957
690
9188
-8641
3517
5192
-366
-5303
9349
4162
2839
-8944
8775
9697
-5865
6261
-6898
7161
7947
-732
-1141
3963
-3121
-376
-9376
4326
8389
-6715
-7617
-5609
4222
152
4158
-7880
-3706
-488
-1486
7952
4378
4326
5917
-4368
-374
-6193
2868
8988
-8913
5104
-9411
834
9017
-4396
9130
-1958
-7916
2522
-9494
-5881
2474
-9482
8678
-3877
-1337
-4048
-406
-8669
-1835
5355
-3210
-3080
6924
2328
-6214
-9611
-2668
8418
2132
-4151
-3502
-1346
-5190
-561
957
2708
9846
-8109
-437
500
854
4678
3617
-7837
3879
-9227
-4785
-9817
52
3310
-2409
2358
1023
6953
2916
7887
2172
-3629
-380
7489
4562
-7382
2461
2294
-5927
-1679
3611
587
1460
-3173
1516
-8149
-5389
-2451
4179
4845
-7772
4238
-827
1672
-446
-734
-1818
-2481
-2237
-1462
-3545
-6667
2217
8223
-4879
1203
5786
4895
-9256
-3368
6785
-8983
3894
4191
-6842
-7045
2895
-4710
4158
7980
-5896
6666
4651
-3944
6480
4480
-4716
-7271
-8306
-1254
8802
-9100
-1553
37
-4713
3636
5830
-5352
-552
-4410
-6296
6173
8203
-8859
-4288
7196
6275
9854
-2655
1058
2998
554
779
3105
-8303
6647
-5447
-6776
-4826
-8131
-8317
-5930
-4170
4311
4498
3206
7470
-146
2463
-7404
-4144
-2188
-8298
287
7824
-1721
2817
3357
10000
-1856
6974
4584
-7179
1481
-4952
-6093
4571
9566
2103
-8963
-9305
-6853
8206
-2119
4762
-8517
3927
8004
9378
-4790
-5819
-5450
9873
7697
8522
6458
-1214
1422
5252
-2797
8617
5462
6457
232
7838
867
-741
-9623
-9573
-2973
-8859
2080
-9583
-6882
8977
-1232
-7213
8289
-8699
8505
249
8886
8580
3939
-8641
6801
7704
137
-241
-651
-9784
4475
-7950
2794
7940
2231
-6851
486
-8312
8189
6330
3333
4500
8838
1600
-9824
2544
1553
-3690
-1870
-3083
1688
-6178
2551
-9335
-4925
-9058
-2612
4775
9322
1297
-7095
2015
2645
-13
-898
-2647
6127
-684
-327
-7750
1744
8397
-67
-1696
7207
7499
-828
-5149
6922
-6762
771
774
5462
6967
4563
-7561
-8501
7047
-9373
-1018
3632
-912
-2904
8520
3365
-166
-3452
-647
4061
-873
7610
4467
5267
570
-5990
-8121
-4666
4505
-9262
-4307
-4284
-8388
2976
288
5795
-1072
9766
-9166
2181
2173
8214
-6082
-4482
-1394
-4573
-1817
3716
-1573
8607
5050
-9897
6269
-427
7819
-7953
-7397
-2450
2484
3782
5356
5189
4940
-1455
-5399
8906
-1939
-891
4911
717
5330
-175
-8391
8043
-5921
7531
-3396
-2518
9683
-2981
5504
-9125
6970
-1672
9348
-492
3779
-9274
7216
-9763
-1770
-7452
6505
8180
5931
4776
7675
-1285
8671
-468
-8693
-9772
-252
1018
5934
-4640
-8182
5391
-9743
4474
2389
-291
-4819
5573
1064
1144
7796
7763
-8792
-7184
758
1351
-9320
-6302
1820
-3037
1031
-4050
6517
5706
-7673
8035
-7427
5682
1290
3306
5937
1256
6809
1631
5639
-8578
612
2027
2893
7013
-1684
-4901
-8084
9615
-8667
4392
1879
-1295
5039
9525
-165
-4819
8403
-18
128
2813
-975
-5648
-2287
8943
-622
-2188
-1884
-4762
-5965
-4167
2435
-6856
-7749
-271
-733
-7361
188
-2993
9200
-6880
-9363
-3620
4095
3834
-2074
5684
3727
2870
-927
-7227
-2852
-2782
-4828
-1313
9918
4915
846
-155
-7238
1945
-3198
6042
1876
-5220
-1433
-2291
-2375
1017
7645
955
303
-4351
-2928
1336
-8609
-5255
-2028
-7418
-10
-1906
840
-1816
-7796
3843
-3355
6797
-9175
-9744
-6102
4204
9708
-38
6637
-3509
4298
-5176
-2660
-8520
-3456
-3403
9913
-4375
3704
-7328
-780
-1464
6819
-4278
-6431
-3770
5196
-2710
-193
-5848
-5359
-5066
-4176
-8621
4216
-8325
960
-279
-4443
-3789
860
3907
4541
-5131
6785
-7313
6564
92
3530
8361
3295
-3341
-8810
9607
5253
1632
-7961
-2614
4694
4232
-4182
-6172
-8673
-2831
-3372
3232
-7350
8049
1172
-2401
-4751
7556
1272
5305
-3303
1655
-3853
-9151
-7432
684
-2902
4359
-9380
5191
2848
-1180
-1867
2273
-2224
869
3075
3316
4646
-2569
6172
5906
-7162
-413
690
-1114
4715
5528
5538
5713
2394
3907
-8593
5112
-3253
7665
8163
-178
5825
-9806
-4888
-5621
5879
2677
-2647
2291
8913
-6994
-8159
-6017
-3899
4135
5669
-3159
-6778
-7465
-6149
7539
7014
-850
15
7159
-2788
-2814
6258
-6539
-8226
-5043
-1024
9679
-382
1820
3859
-8945
1280
12
-9891
6731
-9768
-7097
6476
-8786
8674
4765
-404
6158
-1186
-5157
-8841
6677
-56
-8141
7097
8773
-5959
-5044
5432
-3680
-9297
944
7182
-7124
-5793
5807
9231
-3415
1565
8990
-1560
762
1422
1025
1187
3608
-3102
-9697
9341
3334
-2958
4657
-4408
-536
-284
7440
9568
8463
-2443
-9948
865
-6449
8634
-6061
-4785
-7742
4869
-1352
5902
9535
6407
3223
-1549
-9022
1592
-1610
-4789
2739
2004
-6824
1573
3063
2596
6006
-3642
4977
922
-1919
3565
-2186
-2467
-8392
-3433
-7997
1230
48
7565
4208
5537
-225
-8908
7342
-8500
-4943
-563
1066
6178
-139
-9617
5163
3192
-1601
-4665
5186
7441
2386
6175
-7185
-8352
-5245
-7060
871
-1321
5058
-7633
716
7686
940
4906
4758
9520
-295
-5922
-2241
9945
6811
-6507
-1144
-6703
8084
6400
294
-6935
5770
9336
1840
5098
-9817
3659
7416
2692
2394
8686
-6116
-503
-4854
-5854
-1630
-7723
-1339
-455
-6570
5731
5529
-5794
739
-4045
1198
5786
-187
6974
-4969
-3246
3316
4288
-6639
662
-9593
6001
-5359
6463
-7901
-9166
-7384
1428
2425
-3397
6287
-5392
7141
3836
941
-7888
-779
-798
-1296
4559
8863
8747
-678
-4418
2416
3962
-3783
-9117
-1036
5259
9105
3229
3005
-1001
-4191
7785
6500
-7407
-2952
4056
3384
6893
-1236
9100
-3846
-4393
4122
-3947
-9211
5760
607
1665
1220
-4181
2960
9458
-6693
-8256
275
2939
-8689
-4760
686
7328
2399
4153
7427
5620
-7165
-6102
2194
-5835
-375
9787
6841
5441
-4278
1046
4988
-572
5486
-4267
-2145
796
-4117
-6608
-4386
363
-448
7082
2921
-3407
8912
-2369
-791
3329
8371
1581
-4486
-589
-128
7079
-8183
8775
9927
8263
9058
-4012
-7840
-1619
9136
-6803
5295
-5675
-232
-7096
8980
6341
1413
-2439
-2074
9347
8081
1085
-7583
8690
-5367
-6632
1590
-6357
-453
-8463
-8182
6377
7342
-8315
9898
-8376
-5930
498
7122
-4664
-5559
120
5933
1112
6619
5528
9345
-8650
-4771
-9045
-5458
3822
-5515
1287
737
-2270
-4013
5939
9343
4886
4363
-3507
9759
5768
9377
5432
-4985
-2750
-8576
7697
3121
-3944
7570
-7926
-3357
7804
-1359
3058
4634
1019
-3093
-8388
-3172
-3293
5263
2589
-952
1243
5095
-3023
-8706
-5390
1019
-7807
1610
5390
447
8193
-1741
-1507
7984
2584
-637
-5148
-4959
9691
-6320
-2121
-7683
3773
-5271
-503
-168
9528
4203
9042
8032
8296
-8367
-4044
8141
5058
-4318
7789
5037
-5634
-1999
-2647
-7351
-7341
-7926
5596
-3042
1245
-947
-3517
8967
-2681
6341
-3475
440
9314
9347
-8708
2944
6553
-8362
980
1806
8042
-6278
4653
-3820
7841
-7050
7164
9526
7743
-8973
-8795
4544
662
8984
5499
-1134
4651
9118
2358
-1825
2683
5275
8569
-8207
-3663
-1714
-8401
7244
-364
2139
-9702
-138
-4705
-9531
-9557
-4710
3912
-1468
-9437
-2449
1926
-7826
-5562
-2232
6597
6917
-1931
-2898
-3949
-8998
-8700
5025
3688
-1240
-2791
4742
-6774
-6060
-4805
6846
-8629
-6018
-3546
-3520
8209
6586
-4052
3141
-8805
7285
-3634
4689
-2793
-2827
-4099
-7861
4306
-5609
-5268
6122
3243
8216
-6889
-8138
-4328
-7168
661
2940
-8808
9154
5633
-467
-7557
38
-7795
-2014
8031
-3179
-2786
-3469
1825
7309
-6549
4909
-988
-9889
-7321
5122
94
4704
6316
-3973
-672
3836
-9493
-9529
8238
-2521
-4457
9412
-2508
9878
-5481
3373
1574
2632
6586
8736
-3486
-4328
8586
988
3654
2178
-5584
-6941
1625
-7279
-934
353
6208
-2171
1009
-7848
9215
-8391
6311
-3632
8217
-9981
5856
-2961
-2709
-3827
5904
-3569
-6504
-7727
-5721
-2250
440
-6229
7910
-5621
-8326
5829
-3333
924
1664
5267
5179
1235
-9080
-9277
2830
2927
9452
-6307
4173
5210
5662
-2817
8274
3081
-1641
-1680
-9251
7583
-5250
-9246
-549
295
8738
9788
4354
-8987
-8600
1811
-8680
7186
6121
-9292
-2698
-3463
6978
-4797
-7419
3916
7096
2397
-1856
6726
8911
410
7166
341
-3875
7838
-4033
-9420
-7075
-4093
4457
-3817
-4823
7933
804
6096
4035
9936
652
729
7983
-2359
1228
5023
-9651
-3744
-1211
5117
6201
-1457
3896
9901
4287
-2703
3960
-9715
-2910
4842
-3784
5949
2843
607
4738
7673
-8213
-5033
8273
-6620
9881
-8674
-1611
5859
1657
-1938
-4400
-9029
8090
5341
9996
-50
-1741
-7135
9030
3740
9686
4338
-3628
5145
1541
2839
5596
8522
8103
2584
-7523
1719
-3953
9939
-6701
4570
-1809
365
9080
-2590
8456
2965
-6288
-8118
4993
7946
4465
7632
9917
696
-3533
-269
-4459
8549
-3164
2693
644
1118
-5515
-5061
3244
2646
-1715
-7567
1097
9188
9450
7514
3753
352
-9935
5762
-5075
5586
3730
3442
-940
-2422
1881
5712
-4052
1981
1442
-8964
-5238
3102
-810
2028
7481
-1186
9203
758
-987
-4417
5397
1084
-2341
-9902
7544
7149
-4349
-5263
-9847
-8339
7421
-8194
-7130
-9984
7951
4863
-1078
-7873
-9892
9734
-770
-7135
3230
2124
-3621
7082
-4969
-6241
4516
-9052
-8290
4180
94
-1053
-6015
5398
-4530
-1707
-2108
-6444
-3752
-3937
-8879
-1719
7133
-7234
3356
-2691
-6903
-1896
523
511
-6641
-2086
6773
976
-9352
-3409
-5338
-8703
-7847
7543
8037
1991
4927
6980
-5289
8299
-4253
-6502
2460
9889
6390
561
-1947
7589
7769
7143
-9781
6873
5816
-9593
-7339
-6029
4310
-9005
4050
-5921
8015
-7889
-720
2346
1477
-2699
-4068
215
3253
1346
8952
7532
-5562
-5727
-8500
2316
-2588
3454
2963
500
8127
8407
4167
2080
-2367
4175
9905
7343
4595
8893
-9121
-3016
9019
2525
-7328
8718
212
-2829
5976
2784
-346
4304
-5144
-8781
-9778
-1388
1295
-6493
7192
-4935
-190
-3870
7910
-567
-7709
-3151
-3907
-4819
4072
7149
-2850
-6553
-3312
4231
-4390
-782
7521
9988
3475
-3372
-1739
8335
552
5408
-5635
3180
4077
8211
2919
-6761
8097
-5066
-4452
3192
-165
-2928
9100
6932
-2873
-1861
-1211
-5553
8540
4471
-2167
5688
8308
-6847
-4270
-3324
-3602
4858
9953
-2276
8884
-1066
-5494
207
-6319
-3591
-5518
-2226
-2882
1164
7268
-8174
3063
3012
-2094
3320
-691
-5075
2261
8523
1636
9697
6109
293
8273
-9477
8539
-5832
1375
9929
2316
-4710
-5630
3203
1217
1207
4329
-2784
8245
5734
-4700
2972
4832
1618
9545
3734
-7164
-6531
8755
6289
-4299
5511
-8512
-5727
3018
7623
7790
6487
8933
6188
8587
5027
1982
-8199
-7787
-8369
-3625
2762
6627
503
-4923
-1105
4965
-4999
830
-4142
6009
1291
2552
-8508
3900
3032
6043
6505
-8521
5886
-8433
602
-9440
2931
-2581
-1412
-5449
-1470
-8811
-9702
422
-7253
5224
-6635
-6245
-7008
-3167
5339
-2252
9476
9001
1667
-5079
-8083
3814
-8031
1316
-2307
3712
-511
-3805
7241
9629
9993
6111
4015
-9237
9648
-9243
5669
9525
-9933
-8426
1875
8988
1430
-6618
5276
7838
-6255
-5125
-3172
-6298
35
-554
-821
-8018
7677
3980
6358
-52
9759
-2389
-6884
7585
-2752
7870
-9468
-2368
-9929
-6116
-2113
-4281
4336
-1156
-3061
-7520
8929
-7851
-8478
8734
-2829
9204
-8871
9832
5226
-3425
3430
6171
-6288
-5088
-6427
-7039
-2816
-5849
3888
-7708
-4475
1591
3647
-973
-6444
524
-3140
-1725
7757
6739
4376
6847
-8395
-5294
450
8906
-2849
3314
917
961
8369
6613
-4210
2495
8685
-9481
7997
610
1621
-4992
6774
4716
4509
-4144
-3562
7246
3606
5126
-2208
-8242
-8636
4471
860
-5129
7346
1215
-7818
-266
-1893
-1794
8807
-8965
-8280
-1257
4928
1090
3581
-5076
7073
4914
-593
-9914
6237
-8881
2972
1020
3998
1366
-5321
8821
-5014
2073
-1698
-8218
9530
-7014
3653
2144
1816
1926
8363
-8754
-9836
2658
-6125
-1525
-5825
-6636
8801
7394
-5457
8033
-8625
7244
7159
1349
6961
3489
4640
262
773
5360
2797
-8300
5135
-282
461
7076
-7954
3192
6317
2069
4393
300
3099
8134
-3110
-8224
460
-7005
9771
-5853
7996
4164
5079
7945
-5139
-789
-3296
8980
2758
-4144
4055
-6778
-1433
7144
9653
569
-105
-5100
-4509
-4626
1439
-1012
497
7891
6993
-9261
-9166
-2970
-9227
7576
770
4614
6271
-2722
-7869
-545
9894
9673
-7863
-1037
9004
-7664
-9772
-2179
-8286
-1243
-2477
5023
203
-1874
-4231
5704
6581
7962
-8400
4039
-6022
2183
-554
8944
-8865
-8755
2423
1256
-8840
-1092
-6166
4590
7320
-6263
4611
2010
8719
-1989
-6971
-3752
632
7128
3427
-9954
-5104
-7639
190
5501
2909
5532
2156
1475
5698
-8064
9744
9576
8995
-4285
5134
6591
-9425
5025
4155
-9400
3039
1774
4533
9520
-6607
8499
2255
-7184
6197
-5008
3458
-2442
5011
-9698
2056
-2489
2766
1979
848
-8072
6055
9473
-6114
8885
-8305
-816
2473
2866
1410
3635
8207
-8921
6394
5448
6308
4954
-2907
-3271
7440
1085
-2043
2735
-9106
-8090
91
-1544
-1562
4971
6192
2357
-2325
939
8329
-6938
6939
-5954
-8125
5626
-686
-7806
-6569
2037
5774
-8295
-3892
5474
7407
2991
-3000
-126
-8230
-8573
-4607
811
5817
-9051
-6592
1086
-6636
8801
-9943
-5560
1002
-3480
8115
8784
9883
6645
-8031
-8615
-6784
-3865
3865
-8123
-5471
6445
8972
-6134
3559
-7580
3715
-3148
-3051
-490
-7927
6194
6453
-3970
9861
-9766
-9834
1660
8494
-4962
3093
-4482
-7782
-6781
7876
-3212
9227
-5493
2895
5572
2416
3087
4668
7460
2289
3423
-3101
3430
6064
8004
7609
-4139
1894
-7907
3884
-113
-6063
-2363
-5703
7261
-3121
-1436
-9956
2892
-4750
-7468
3942
2692
1102
-2917
2039
-390
-7584
7019
-6833
8176
-8074
-1825
8788
9057
5188
187
3855
-8236
-8998
-7221
-1627
-5924
-899
4928
7161
-4731
-5840
-5065
7278
5254
-9789
239
-5999
4167
-118
-504
-276
812
-434
3169
-3141
-641
5706
-4769
2023
-9927
5424
-2154
-338
-4123
7992
-7242
8865
-4566
-1466
8430
2547
3351
5751
-604
7878
1041
-5437
-359
-7152
8593
2768
-8829
-5617
789
5995
1238
52
9040
-4810
-3128
-6800
9084
6255
8340
1539
5227
-604
-2439
3327
7015
-8499
2094
2584
6781
65
-6805
-8925
156
-1687
-9873
-2381
-4835
-7918
2900
4812
6221
8425
-7820
-9117
-8342
231
-3822
-10000
3024
-2563
9088
-444
-2317
3938
-5872
-3630
9791
4797
40
2027
224
4517
89
2145
-4884
-778
5804
-4987
-2168
3946
2337
6322
7850
-8014
-9461
4842
8556
4492
4976
-2885
3289
4410
9074
-455
-462
-1396
5164
1104
-4913
1872
435
-8485
278
8055
-5588
-3510
2885
-6585
-4043
3851
-5376
-6863
-6898
5834
8277
-2368
3484
-4495
4518
2013
-748
-9355
6420
-8498
4
1657
3297
709
6008
-711
-4196
7974
-5729
-8064
1093
-6541
-187
-8111
6408
634
7157
9844
4027
8736
-9072
4307
-9235
-6808
6263
-4305
-338
-7683
-9364
-430
5254
-3865
1737
9523
5956
9500
4926
4615
-8991
4652
7165
-3481
-700
-3030
8595
9947
-4952
3865
7132
9456
4478
-1173
7782
490
1091
847
-7744
7327
-5298
-1493
-5260
8543
6908
-6417
2225
4542
6470
8045
3760
971
9272
-3691
-4499
5871
5694
-4214
-2567
7982
-3137
-682
-3272
-6848
2776
-4071
-8874
9531
-4132
-9647
-5649
4115
8466
-6194
-4038
-3466
8615
7585
8237
-2321
-2864
-729
3270
-5892
6884
9076
829
-6900
-7656
1910
1149
-8463
-5909
-8645
832
2672
-1570
-7076
3904
-2853
3652
-5654
4407
-3393
-467
-3416
-3509
-4140
2598
9680
598
-5317
-4231
-6478
1609
7472
-5368
-6606
6528
8549
-500
2122
1327
8340
-886
-9623
-7302
-5645
4872
3126
5684
743
9205
988
-5481
-1743
-4690
1467
-4946
6656
3589
-7745
9099
3760
2312
-967
7821
-1111
1913
-1810
-6332
-6205
6280
-1015
2261
5119
2547
-7516
-315
-1833
-8000
6146
2038
-584
1997
2392
-8199
-7616
-1027
2841
-6682
-1195
-9152
3411
2603
8015
-8868
3441
6699
4106
8174
-5842
-7204
-6481
-4391
3214
570
4160
-5381
-2065
9957
5045
-1974
9195
2669
-4093
7060
3625
-3565
-562
-9698
5178
-8278
7825
-7310
-5146
4283
6596
2942
6220
-2072
-7854
6273
-5014
-6345
8784
9641
248
3779
-2338
7625
89
4653
-4615
-1742
-832
-9422
-9472
-8490
-5594
975
-7590
9834
-6170
129
-3207
-8780
4624
-2770
-8429
-3984
2933
5555
-6585
3407
-2379
1376
-2568
-1101
-3330
7653
8177
8738
-3492
5792
3751
-9654
-3773
-4454
2055
-7298
-907
-6448
-5113
-8011
-2010
4076
-1477
-1027
-3751
-9580
6497
-6778
-56
9920
2028
8978
4338
3976
-9587
7191
3515
-5714
-3305
2632
7825
-9216
-7641
5519
7757
-5940
-745
6528
-8357
7548
-9090
5762
-7536
9496
-1577
-2175
1363
-2659
3915
-8140
8899
7226
3164
-1992
8185
639
-8551
4668
8716
4521
-1462
2790
-7006
5494
-9622
9402
-2648
1477
9299
-7601
-4873
9595
3382
1062
6308
-6901
4833
-9399
-6383
3419
8811
-9224
3583
2893
-8811
-6341
-7959
15
5346
582
-8089
-3340
-3062
1939
-1367
-9976
-2114
6032
9851
6141
2460
-4282
-5559
502
3335
9793
6626
-5147
-453
-130
-1845
-1996
-7102
-4308
8904
6591
-7104
2457
6865
2784
4834
-4177
6804
7134
3891
9753
5316
-3621
-1549
2964
6444
-2413
7223
-6254
3340
-4018
7731
1477
-3167
2028
-5320
-4789
-2881
-7850
-8042
-2284
-8200
-5249
1741
2055
-2100
-1318
4946
3597
-8656
-1076
-2311
-9252
-6160
9298
5091
-8175
5846
807
7125
-5252
7536
5269
-484
-1154
-1320
-2198
-1437
-324
-5182
-4479
