3302
5252
7538
-5733
8934
-5005
-4436
-9001
-5836
-1375
9188
-6356
9335
1124
-8211
5339
5302
-8085
-3971
2369
-5145
-9298
5803
-6668
-5697
-442
-8119
-2808
2294
1574
-9445
-9790
41
-1363
938
-6933
-9233
2564
1043
-4168
2036
-1076
5328
3137
5464
4925
9016
-2553
7485
-4605
253
6536
2335
3296
145
-4458
-8119
-7838
-9732
1210
-8133
3721
6066
-9037
866
7147
-1978
-5878
4121
4899
-5532
302
-4355
9616
2300
-1580
-767
-1615
8843
3210
5387
-967
9759
-5273
359
-4421
8767
5175
-8933
971
6681
-467
4727
-5493
-6386
-7269
8766
9947
6940
-3226
8428
8118
-1902
-4449
-4734
1369
7273
-5432
5992
-2618
-4444
-2375
-6563
-786
2688
9796
-8770
-4479
-2966
6203
7268
-714
-8675
6109
836
5412
-3239
9530
2183
-4636
4771
6367
-1751
8061
9168
-1703
1316
-9952
-5047
2440
4588
9730
4792
9466
-4384
-604
-8118
2762
6905
-3654
45
6304
-531
-1551
1582
5421
-6299
9999
-2372
-66
-343
3605
-846
-9354
-8768
9855
3499
-8817
2158
-5172
3151
-8120
-9502
-7109
1472
-4956
4206
6153
2257
2585
3268
3631
4216
2208
300
-5224
-4333
6841
-4454
2562
3202
-9632
-9978
1110
-6105
-1633
-9741
-9672
1723
1099
5728
-6302
2956
2154
2266
7873
2203
2706
-137
-9712
1394
-1573
4873
3451
-2586
3535
7975
-2029
9007
9052
5231
7463
901
797
3886
4034
6910
-3234
7101
9411
9663
6544
5071
8287
7878
-1463
2431
-5917
-4509
-6472
-3603
-4288
8493
5969
6407
-3980
9214
-7426
-5982
-8610
-1030
-8979
5535
9099
-3194
2266
9093
-8284
-8239
-4836
-3121
485
5224
-2221
3
1860
-4450
-6108
-6239
-210
-7676
8889
-4874
5656
-9093
-5048
-2192
-9180
-5333
-4818
-3114
3180
-5625
-95
-4364
717
1285
-6026
715
1667
896
-4972
358
9106
3233
6988
9335
5056
-490
-9163
-9960
8378
-7657
9995
2037
3610
-6282
9339
-8527
6936
1008
8507
9389
7819
6682
1837
-3185
3601
1231
6951
9438
6380
-1571
8827
1726
-4553
-9363
9999
1693
5617
3596
-9456
9285
-4942
-8642
2015
4717
2227
1486
-6205
6352
-573
-3456
-3264
-5374
-3377
2013
3105
-1231
8612
-9625
-9470
2779
4259
3680
-6755
-3595
-3995
-5809
1094
-3525
486
22
1031
6825
-7940
9040
-8565
633
-5234
-3834
8476
4451
-819
-3958
-4143
-7168
-7179
-6727
7665
3226
8312
-1252
-1897
2242
-4473
-2602
4388
-4065
-6127
6154
-8313
8885
-1145
4688
3220
-6116
-2853
-702
-3691
-8516
4522
-4460
7570
-5634
3992
3527
2957
74
5048
5035
-4892
1487
6466
-8434
5391
4672
4405
-5862
492
2748
-2037
-3030
8921
4235
9203
-299
-4932
4847
-7003
-3979
-6407
-1300
3049
-5970
-6833
2342
631
-7464
-3095
-330
-9222
-85
-1807
-7103
-5349
9404
-977
5695
3328
-4352
-8450
9736
-656
-8483
-4845
-8853
-7728
4592
2623
-960
2565
-1906
2385
-7477
-2572
1840
1242
5965
8983
-3988
2029
604
9242
9650
6744
1140
-8787
-3693
-7389
6529
9458
-553
-9463
532
6779
9000
-2655
-7529
8903
7219
-1010
-4431
9322
-4040
-6272
-6799
-7843
-3141
1906
-2473
-2411
9709
953
9979
7464
-188
-2816
-6350
-3485
-9164
-3393
-2369
9100
-5250
-6737
2000
-2650
-577
5630
6033
-3067
-4947
-8599
9802
-4204
4391
6150
-3107
9611
9863
5059
8928
-3343
-173
-4185
-111
2873
-981
-2328
7362
3310
-8534
-3403
8553
6336
736
2751
2555
8171
-7184
-8932
6905
120
-9899
9360
5067
8274
7779
415
-5146
5166
8275
-1834
5800
4893
7806
-8382
-6575
-3173
9429
-8738
2072
-7733
6498
-3135
4607
4611
-9131
-698
6046
-3627
5736
-8966
-6144
1354
7614
-468
4735
4520
909
-4689
2815
2379
8713
-3313
6268
4579
-7616
-8984
-6545
5069
-3278
-600
9022
7072
7162
4592
8892
6025
1485
-5649
6405
-2476
7876
7855
-1082
8974
-1618
8079
2676
-1133
-4022
5806
-8408
8982
7490
5887
-1090
-681
8250
-2092
-5550
-8029
-9155
4689
-1758
-3848
8700
7740
-5738
-3248
-8205
9264
4168
7417
-5954
5768
3881
5280
7375
-2824
7171
-5029
2801
-9453
-3328
6994
-9941
-7653
1808
9556
-9719
-3604
-8636
2141
-5133
-8938
9465
2050
-8898
6463
943
-2723
4825
5385
366
8171
-2673
9869
4382
-1342
507
3540
3890
-7367
9657
-4057
-9228
2980
8579
1502
4424
3067
-4944
-4506
-9571
606
-6619
-239
3825
4339
-3202
-3936
-6700
7095
-2497
-1030
-6245
-5125
-9219
-5461
-2847
3078
3638
8954
-675
-1887
3024
-2673
1646
7775
8289
4181
6566
8093
6254
-175
1334
-8278
8834
-4346
-7700
2638
3012
369
-8951
3856
-7400
-8063
8120
8954
-7328
2537
-1973
-7919
-7248
9727
8003
-3917
-2835
3216
-2592
-4407
-1096
-7342
8995
-4743
1700
-6819
-8727
-9133
569
5475
-8268
-9009
-6135
7043
-7719
-2810
2164
-7811
6219
9186
-6850
-2117
-1750
809
-212
3544
4822
7691
8386
-3047
-1411
1540
-4683
3777
1840
-1336
6483
-3968
6565
-1211
-2609
1995
-9655
1963
2087
-7682
3447
-307
-1124
4301
7816
-6356
-4898
-1778
-7478
-2474
9214
-1240
4233
4635
-2883
9314
-1590
-596
-6564
-878
-3712
2495
8276
6921
-7373
4731
7211
-1119
-3140
1325
6474
6442
-1510
-2075
7215
9115
-1166
5175
2922
4788
7135
4651
2594
3454
1133
-4160
-555
-9484
7205
689
-8514
4764
3687
-6620
6182
2265
-3366
-1554
-3528
3791
5898
-1336
-9503
8135
8979
-9120
2267
-7399
-148
-9634
-6293
3589
-5761
-1807
7193
2086
-8270
1811
-906
2033
-8548
-1544
-379
-9883
3080
-9015
-2830
-672
-3944
-4305
-2881
3383
-8416
2624
-6645
-6489
3749
-5730
3046
-6674
-5475
1138
4521
9884
-7704
-2738
-7306
-3878
-9843
-600
-5937
5066
-5739
-2661
3494
-7879
5862
-8720
1183
4171
-5404
-9941
796
9193
6969
-4189
5248
-5691
8033
9729
7568
7722
-3733
-2388
-4948
-1399
1244
2834
8589
3262
-215
-5239
1533
-4238
8563
1967
-1024
1040
3488
8960
1463
7205
-123
-2650
4248
8602
-8257
3661
4359
-1479
3985
1365
-6992
-6102
-8263
2646
8617
-4361
1566
-8717
-4237
-2884
-8187
-1549
5560
-4066
-4469
8066
-1495
3976
-5966
-2810
1932
-1805
9938
8747
-5554
3592
-922
-8501
-9375
7726
-6020
3522
3316
683
5690
-2382
1038
-2217
-8509
9234
2104
-437
820
3415
9171
5755
-4502
2454
-2175
351
9523
5406
1307
4476
5525
5547
1427
2849
6069
1705
-8223
3255
-5052
-5181
-5477
2464
8965
7948
-1526
-7527
1879
5172
8188
-8154
4763
5260
-2364
7354
-9157
6098
5425
7036
-8984
7171
4363
4441
-9229
-1457
8572
-7069
-2723
5363
3535
2977
679
-1535
-933
-5163
1159
5536
3906
-9647
-5252
9006
-3882
-982
1066
-5310
3492
-2690
7269
5887
7012
-1501
7074
-7034
8238
-4387
-552
4126
7367
3199
9140
-6136
-7470
4577
-2493
-6820
9659
3759
2553
9704
6717
-2620
6309
-8098
1997
-81
1939
7660
4454
-2539
7487
4443
865
2009
-5105
-7374
-9472
3481
7819
-4997
4055
8393
-5185
6998
3792
-9283
-837
-9507
-488
330
4403
-512
4787
-3326
-6083
-1809
523
78
102
-8921
-8681
-5433
-8446
-5273
6411
5655
-907
-257
8822
-8639
-6136
-9015
-9509
3149
5627
-4622
-6962
7719
-2052
7190
6441
-2274
4746
-7392
-2137
-1246
-1581
2868
8916
7259
-5718
-7349
-9141
-5453
9888
-2428
-1611
-7185
-9679
-9842
2160
-4555
-6839
2431
6181
2910
-8249
-441
6463
1318
-6828
-2886
3908
-823
-9714
7581
-7316
7005
2695
-228
2136
-107
3751
-5205
-5687
6139
8352
7845
5465
938
4293
-5180
-9084
6768
2797
-403
1018
2451
-5649
-9428
178
-1280
6502
-7963
7111
-6204
-4440
-8791
113
9211
-4993
2573
221
-8511
-260
-9699
2522
8039
-4918
8997
7749
4388
-6779
2943
4277
4774
3397
1291
-7088
-9106
-9693
9704
4720
-4508
6462
2298
4942
2632
-7229
-4580
726
9334
5417
6510
7372
-8062
3401
9959
-682
4359
-3822
8984
9468
-101
915
8455
-322
8436
5513
-3809
-1456
-1014
9639
-1703
9674
2536
2460
-3334
1338
2254
-4819
466
6120
-4245
-8016
8870
3998
4327
4767
3066
-2905
5672
9069
-5221
9571
4840
9639
3999
-4350
7960
-8367
7557
-2771
-9329
-2518
-60
150
5327
-7358
556
-148
-8045
-5238
9568
-3879
9403
-9601
420
-8337
-5119
6517
-2109
-3346
-9380
8930
-2038
5378
-6127
-8092
-1992
-4247
-9271
-4314
3436
3192
-9562
9205
-8106
-7378
1418
3819
-6389
2883
-4713
1307
2901
6029
-3429
-1053
-9929
3385
4126
-7401
-1256
7688
-6891
-4754
-8466
-9969
1955
4148
3632
6772
-1830
-2997
8704
-3589
-5967
-907
-4712
-9424
5387
9227
1984
2320
2857
1441
181
8775
3378
-4476
5210
3756
-9253
-6935
8514
-5060
-6097
-7768
-5650
-3118
-7757
8896
-9833
-6741
7358
-7327
4562
-7272
8060
6426
-8143
3329
-3234
-1695
1368
5841
-2283
7161
-7487
-4179
5353
1403
6416
2359
9100
-2238
7613
-9810
-1372
-8386
-9085
-8798
1764
-2964
-1891
2064
-5141
-1394
-5017
-2136
-5826
-6783
3115
-9050
-7737
-5276
9105
6954
-2420
2680
1115
-6650
9198
8616
6975
-6925
-1626
1116
6966
7740
-5962
8877
-327
3763
7611
8482
3076
-7480
-5334
1255
-8361
-3937
4393
6970
-3406
-4700
-1902
-2056
7366
5647
3819
-9288
-6883
-4201
-8552
2910
4362
-7095
-9101
-7181
-4778
7485
1661
835
-3464
3071
-4362
563
1151
2782
-7591
1641
3370
-9355
-359
896
6884
-1620
-836
5940
-7001
6380
-1527
8994
-4710
-4557
-5433
-6750
9585
3746
-3852
-6094
2609
4968
-933
3143
-1185
5137
-9245
-4351
-3676
-6840
-201
3640
9357
209
-9739
-2898
-5189
-7181
832
7487
-7413
9567
1766
9176
-8970
8328
6999
9094
8749
-1057
-7028
3298
-959
6245
191
-8350
-1787
-7532
-2903
-9154
-9002
3213
7449
-9960
-3407
7063
-7251
-2700
-6107
-7904
-1996
-195
5389
563
7742
6890
-6353
-3606
-9693
7793
4139
7187
6182
6191
-7139
-765
-2994
414
-2980
-2732
-749
-1171
-2575
-9522
2540
639
-205
1255
-128
5969
-5338
-394
-2975
7453
-7225
-8521
-804
-1581
-7647
-3359
-7991
-92
-7766
-1543
2809
-2425
-1075
2087
4370
-2624
8138
-481
6637
1059
-4227
7493
-7397
9569
-1139
-3315
-2251
-6818
-1838
6669
7099
-2721
-1760
-5609
3352
-832
-2338
-4037
7805
5938
3069
6068
-3050
-3292
-4442
-7076
-2762
-9612
-9139
1805
9925
-3518
8020
2244
3889
318
2322
-4398
334
6782
6271
-7521
-6612
5330
-5644
4007
-9080
4639
-1510
-8353
3043
7709
9563
2777
8943
-5933
-259
-1224
2263
-6394
6949
-9998
-16
-4690
4041
4781
-3065
986
-669
8508
-2939
5477
-7390
2611
6296
9750
9608
7331
729
-2829
4265
-7453
4053
-5824
7683
-9335
-7648
-9591
8009
-4343
516
-9961
-2330
-9608
-9999
9053
-2267
345
-6819
3738
-9441
-3926
-5529
-7137
-6815
4532
-4598
-5906
-4010
8279
1730
3917
3928
3965
3205
-4166
5888
8413
-8590
-8492
-5059
-8327
6313
-5653
-1565
8514
4260
-6615
-5120
1488
-8465
-871
2319
-6402
-5040
-3542
-6378
-8577
-9232
-6293
-6016
9714
-6842
3766
-6449
3444
265
9475
-5248
707
6863
-3472
1692
412
7334
9343
-5913
-6143
1628
-7465
-5480
3450
3553
-8731
-7566
5945
3927
-2558
-892
4948
-1222
-8113
5736
-2684
7152
-1624
-382
9931
5755
-1039
-5655
5464
-7843
-7962
-7355
-792
-6226
-7623
1585
7945
-1475
-575
-2134
6339
-3838
382
941
-6345
-4678
1888
8217
-9404
4186
9709
4947
4402
-5043
9967
1536
5147
3833
765
1577
1741
-664
-6664
8405
-8601
-3678
6416
7172
9861
4517
-4706
8947
1244
-2979
-8637
2998
1154
9995
-7059
-7300
-4436
-7942
-5104
4214
4132
-7913
-7980
-3181
9582
6610
2428
6643
-6370
597
-9958
-2166
-7086
9590
-5770
-8139
-685
6863
-2691
327
1875
5755
5918
-9086
-5354
-5036
8332
-3286
7212
-8968
-5016
-9162
-415
-3634
-4641
89
4064
-4259
5802
4822
-4143
-1389
-8313
-1700
-5080
7364
6623
-5383
-7785
5819
-6920
932
4953
3684
-9421
4030
-5670
9649
-5137
-8713
-9160
2409
-2603
-7836
-9311
3715
970
3446
7542
9176
3713
-9474
-2050
6439
-9823
-2893
4939
6323
-9026
-6109
-716
8855
5931
-4913
3211
1523
911
-1741
-7060
-7195
8239
-6099
86
5499
2004
-2841
9606
7686
-5090
5890
-9176
-6048
2843
-998
-3157
-9285
-9989
-9514
-364
5885
1650
9350
-1788
8751
-676
7377
9074
5977
-319
-5470
-9407
-3494
-6908
9951
-1472
-2431
6273
-669
-4842
-713
-1143
1013
-8650
7299
-4607
-6398
-2059
-3849
-2552
-4160
1513
-120
2856
-6713
-3641
-2828
-4121
2717
5812
6541
-8726
-7300
7699
3668
1008
-8904
-5130
-4030
-2025
6389
-1955
2364
-6369
2271
-6568
-3446
8297
-6725
8562
-6142
3042
5563
-6304
-6119
4152
-7673
2333
-7414
5532
5880
7081
-7401
-1593
-3958
-6823
-4943
6340
-9176
-5189
8793
-412
5218
1425
-4619
-3768
-3877
5031
-8038
-4556
9885
-4749
-2709
-9039
6366
8999
-8052
7185
576
-8381
-9551
-4802
5986
3958
-3579
-5698
3096
3201
-6486
2594
-9339
4437
6136
7599
2153
3639
4059
3935
-4794
3761
-2947
6214
-6413
-4539
1682
358
-9403
4750
-9521
-6002
7294
5608
7180
-5072
2206
8972
-4971
8042
2970
9469
6850
-1426
1232
5309
-9903
-3446
-3386
1089
-1629
-2844
-5384
-2277
173
9711
-8580
-5599
-8936
9292
6109
-1137
2057
-6087
752
3811
-7072
-2858
4670
8721
2160
-8350
6331
-3122
-3966
9125
-4168
267
2131
-5327
148
7010
-2857
454
-3747
5723
98
-5807
6795
-8818
6057
4309
253
-1821
6029
-7984
-8184
9918
-8024
-704
-2992
-7661
8091
-7689
2043
4056
-479
9994
9628
6911
-6334
6821
-120
3761
1630
1559
5797
3776
-7899
-2121
7165
7705
7963
-1474
-8293
1214
9096
-4036
8984
1629
6999
-1748
907
-4336
-5907
4209
3431
-9404
-7547
-9194
9633
-2694
3111
-3612
-201
-1386
-5372
-6644
-4737
-7635
-1386
7922
9230
8235
3994
-1292
5863
-270
-4721
-3322
3373
2395
8510
-833
4382
-5018
4496
789
5680
-4970
7028
6518
5945
8751
-9976
4246
-9220
-5039
-4241
2770
232
-9966
8435
2205
-1635
8946
253
4427
-3107
6589
-4772
-8571
409
-5438
3557
8515
2952
-4615
5933
-4437
-543
-7693
-6889
-1899
-9077
-3774
7599
-3470
-151
5112
-1024
7628
-6121
406
-4909
-1349
2264
589
4550
-7841
-4382
-6616
9558
-8542
-298
-5758
-6176
-2543
3307
6758
8381
-8928
-2825
-2640
-5959
845
-2
-9091
-2254
1917
8319
9043
-7703
-6993
4188
-2720
-7677
8774
-5322
7408
5958
-4032
-1868
503
5212
-962
-8063
-4525
3901
9499
-609
5264
5107
-6239
-310
-2731
-6338
-3381
-8039
-3789
-9991
5878
6626
-4456
-4667
-7383
-5432
-2572
4685
1058
6573
-7897
9373
5680
-5179
-3392
4123
4168
-5254
2072
-402
7427
4338
7289
-1339
7160
8904
-4836
-9734
-6085
-6799
-2612
-436
3775
-6999
9262
3106
950
9674
-2959
7994
-6045
9128
8673
-1099
-126
4453
6851
-2095
-7922
7084
872
-7212
-1137
2035
9488
-5608
-6139
-5392
-8939
-6886
526
653
-893
5278
841
-2047
-4110
-7416
-7727
5068
-6297
8808
46
7185
-9854
-5789
1811
6741
4709
-2706
7511
5545
-602
-560
6553
-6524
6857
5742
421
6785
-8642
1032
5034
-549
-2212
168
-7317
-4654
5101
309
2213
-8282
-379
8573
-421
-1904
1250
4421
1396
2687
2629
4718
3906
-8612
-4726
2217
-887
-1791
5452
-3785
-213
-1959
-1114
8743
-2773
-5870
-1059
4994
3648
-4464
669
1995
-7385
1706
523
-5420
-6125
1404
6175
-1343
9559
-4816
-9356
8759
9280
232
-9109
-1718
-761
7868
6193
4350
9129
-261
1822
-1069
-4766
-4745
6280
-5559
4547
9064
5093
-9117
-61
4329
4472
2517
1265
-2308
143
8319
2747
-4196
1524
-708
-7010
-8369
6111
-7073
8642
-7626
-1825
-6455
-5336
-4316
6601
-1403
-4532
-4892
-3601
5525
1775
8794
-7424
-8751
6261
-8969
1968
-2901
-6275
9766
-8666
9899
4995
4162
-2734
3074
2088
-2148
-8722
-168
-5117
-7577
-4638
3839
-9601
6002
8957
-9205
4531
-5118
1010
-3148
8189
-7456
-4668
-7651
1196
-1865
-9010
-2634
880
5633
-8532
6044
-6136
1649
9751
3973
5320
-208
-2160
-8267
5020
1545
-2033
9243
7089
-7896
405
-6748
-2488
2783
-1706
-2695
-3535
5454
-9404
7912
-2022
-2896
-4340
8628
5168
-5963
-5446
-9963
-9366
-5274
5177
6016
-6294
-8972
6870
-2283
-7047
-8010
-2346
9015
8239
6584
8171
4815
360
6515
-1112
154
7713
956
9771
-8838
8438
-2972
909
7410
9885
4954
-6213
-8999
-1310
-6249
4640
7786
49
3465
2588
-4216
-3938
8147
7049
-4602
3194
-1531
-8824
-6204
-1640
7955
-8919
-2007
2498
-9110
8196
423
7303
-7838
-1315
-2641
-367
6414
2303
8025
-9481
5899
5922
8859
-4985
-1447
480
-2287
7648
-3451
1283
2737
1346
-395
1797
8122
186
9719
-3267
-1207
-2464
6991
768
-4244
3670
-7819
8967
-2199
2560
-134
-7503
-4943
-1055
-2917
-6075
8647
6229
-1288
3611
3934
108
821
-1895
2121
-7632
3740
-7869
-9114
1883
-641
367
7149
-9577
6295
-4672
-3732
9938
-1947
-1328
5090
1046
48
6616
-7794
-2234
6378
-3854
-3328
7452
-7324
98
-9447
9993
-6535
3438
4311
1476
-9974
8594
-5992
2375
-7166
1273
3099
-2405
-2664
-1847
9085
-9023
-4828
3003
-2423
-1417
325
-3118
-8269
2023
-419
-5800
4625
2050
-287
1714
-9525
2499
-4687
-8745
122
-418
9662
8717
587
6172
871
1339
-2914
-7933
-9748
5207
-7180
7297
8685
8537
7275
-6685
-7846
-7813
5464
7272
-8765
-1183
-2688
2341
6379
-7423
6125
-6078
3872
-8785
1954
733
7356
1808
-4262
9315
-6739
472
-1495
4116
8917
-9830
-8664
9572
-2455
-245
5053
6171
-1335
-1493
-5337
8028
8224
4210
3206
1257
-5480
7036
6091
5123
-1271
9709
-8519
-4217
9578
-9953
-5083
6208
-9634
4807
-8438
819
-1852
-8625
5181
4427
9959
3730
7391
4119
-7992
7540
3261
446
642
-5291
-2794
5640
3152
6744
-827
-6227
6138
-2083
4651
3559
7318
1584
7255
7056
-8143
5091
4224
-8805
5728
-2032
-83
-3140
-2573
6603
8837
8473
-5462
-7367
7005
-2717
2985
-434
-3795
4946
-6927
-5980
-7790
6122
3007
-5967
4977
8028
-5166
5573
966
-2493
461
2779
8904
-5453
-8904
-4772
-5679
3423
2484
867
-6446
-5247
-5048
-7340
-4168
43
2382
-6893
3876
-8085
-9590
8398
-4001
1487
-820
-4999
127
-9965
-5083
-5893
9135
-7743
1896
-2919
-4060
6472
-1188
-1325
3576
6883
-7342
3084
-3859
7828
5674
-5687
3228
9612
-5824
7141
-1203
6135
6905
-9239
-9481
-2548
-8158
5134
4175
-886
-2272
-9351
-9252
3139
-5077
-6753
2505
1571
5325
2214
-2414
-5413
5223
8795
-8309
-1018
7806
5660
-7045
9315
-9996
-9620
996
-3698
2897
-1082
-8717
-2768
9069
-8157
9525
3403
-9816
709
7500
6863
-3104
-7294
7729
4014
8524
-3443
-6135
-2132
-2022
-5698
6223
4230
-3395
6278
3612
466
-4290
1910
9520
8731
-885
4322
5708
-1978
4336
155
8742
-6249
-5655
-1569
-2895
5867
-8788
5017
-4231
-2120
-5577
2688
5957
-5958
6200
4109
-1139
-9367
9716
9767
-4541
-3251
-2351
-967
5708
2415
-5560
9857
2879
-9509
5952
-190
-2427
3675
-7642
5474
-3662
8387
-6717
-8148
5467
-8185
-3222
2616
533
-6511
-90
-7645
4540
-9703
-641
-9965
5617
-3194
-9473
-2263
4479
-8564
-7831
-7984
-4461
-4166
-7473
7601
3681
9949
2816
-7667
-3133
4338
-6549
-2093
-5825
8677
4027
4700
5515
6679
6865
9565
-809
3389
-1677
8801
7499
8441
-9154
-6450
-9639
-1953
6749
921
73
-1830
-6274
4506
-2406
5226
2018
2395
-6639
1650
1046
-6534
2020
-8548
-5053
2901
-5965
9580
-1672
6953
324
7004
-299
-9699
-9396
1963
737
8367
-2753
-3028
5821
8954
4497
2067
7550
-7290
7937
-7013
1286
-9924
-8847
7744
3597
5560
3280
-5358
-7607
6141
-1255
-2838
4516
-6248
-8291
3605
977
-9352
-5610
-4646
-6082
6966
7124
-547
-6125
1445
2589
-7942
-1058
-546
-1304
-960
-1152
3974
2497
1863
7286
6734
-2839
-3684
2154
7094
-5833
2502
5628
6514
-9974
-963
3048
7194
-2472
792
8295
-6514
-399
-1234
-199
-98
-6596
8161
-7828
6768
-2407
5324
-3509
3809
8864
-9511
-551
-489
-7882
-7459
6905
-1270
-8224
-7487
1884
-636
-4513
289
-6539
2422
-5888
8198
-9446
9794
8375
-473
315
-104
-3152
438
-3969
4493
-1647
1779
-3482
9953
787
9952
5342
6344
9038
-4569
207
3887
-1315
-5780
6974
-5604
9410
-7567
1554
1406
-869
-6864
54
731
-2481
-459
777
-3559
1590
5585
3757
-5219
7081
-9873
2206
4550
-6232
2172
-5895
-437
6910
7499
5712
3019
3875
2680
835
-9854
187
6363
427
3232
6985
-2369
-2890
-5516
6595
-3156
2645
834
3380
3047
5563
9491
-6210
-3389
-9164
-4637
-2982
3827
3118
-6503
-3100
-5912
-3960
5755
4947
8790
-7283
-2799
-2154
8923
7110
-9518
9783
7948
9860
5624
6918
3675
5916
-621
-4712
-7274
-3340
495
4105
132
-1583
8043
-6138
-4812
-2227
-9871
-1844
-6039
7471
2512
9713
8158
1116
-3534
3689
-43
-2800
6938
-8379
-6053
4766
-1933
4373
181
1428
5425
2029
-8610
5577
-3964
5911
-2071
-9299
2685
-2558
5286
6560
348
-1388
-5320
-6253
-1645
-2656
-2380
9870
-3138
-8499
-6942
974
629
-6602
3809
4963
3054
3614
1610
7638
-9584
-9316
4008
2041
2363
-1942
-5204
-7879
-5036
-4093
-5153
7286
-4192
5111
-9198
1455
1564
480
8101
9782
-4885
-4037
-3715
8327
612
9535
4141
2415
-7917
-9141
8402
-4454
-3122
-8060
4896
7723
4413
7418
-8341
9041
7785
-2738
-9846
9114
-9593
-3756
-4738
4145
-2296
-104
84
7938
4377
-4015
4560
9261
6633
3714
-9407
-272
-6879
-6584
2720
-2465
-2290
5549
5019
5382
861
-1142
-1099
5583
-2180
4696
8424
2962
2273
1621
3405
-3821
7719
-9967
-5304
6025
4880
9496
-889
7886
-3864
-5446
5232
-7772
3132
4636
-1699
8104
7471
-6581
-8865
-21
-7736
5618
-1098
-9174
6731
-4435
-192
-9182
5601
4590
7483
-7945
2199
426
9342
-7191
9592
4259
9627
3806
7283
-9040
-9857
9749
9489
1789
5129
8726
3240
-662
-2740
2282
3254
5089
5573
9437
-8092
5020
-3895
3185
4704
-1578
5491
-8783
675
-1790
5010
-8013
-9306
-7765
-3254
1847
-9528
3509
1003
-7755
1522
3099
9448
-5816
-6605
5967
7686
9362
8067
2825
9559
-831
2095
-1027
2596
1548
9560
-712
-9313
3994
3376
813
-6098
-7679
-3414
7220
1383
-9238
-8173
-3067
5207
4030
-9555
6976
-8169
2919
-3906
7563
-4819
5886
8895
6024
-9592
1469
-6873
1421
3612
-7780
-1391
6596
-2755
1627
2067
-6529
324
-1005
-3127
-8597
5796
-2329
-9208
-5960
-7597
3471
-7450
-3310
-9012
706
9161
4945
-9891
-4372
921
-7854
-7780
4258
3355
9379
9207
8796
-2222
-9598
6560
2935
-598
4331
-2906
-6217
8933
1227
-4936
-2090
2718
-4686
-7370
842
8712
-3480
-7168
4090
-1866
8563
7307
3807
-2619
-7915
9821
3154
-883
-4129
-9412
-6849
-8272
-900
5430
4116
9688
9915
8198
-1335
4021
-8293
8321
-6523
-7091
-8415
-9826
758
9548
7775
-1908
-6924
9197
8489
-6778
-6685
6345
7498
2219
-9198
-985
-3309
2205
4340
7104
-1536
-9961
-3072
5809
7757
-1868
-4864
-9399
-3687
-2130
-2732
-9591
5141
4735
-776
3835
4138
3300
-9113
9510
-4540
5535
-5851
-726
7820
-9789
223
-4750
-9319
4216
-3815
-2929
2480
2673
209
1403
3497
1630
-1861
-2500
-1608
-6885
7951
-8874
2439
8490
5534
2700
3801
-6482
-6100
1270
-7671
2504
9695
3787
-1786
3753
5347
-9167
7390
-505
2609
-6094
9558
736
-4299
8597
-4338
-8178
9325
4256
-7248
-3855
-8036
3318
-5934
-7527
3647
-4673
-6438
6483
-1277
7854
-8843
-7183
-1261
-6398
-8617
-9925
7242
6420
6898
-2153
-2640
-8562
-5953
8705
-6685
-2864
-868
7543
-2146
-3369
-2821
-6319
-6704
4791
7163
-5742
-7660
6339
479
-9898
-525
8394
-9152
4734
-2504
7092
8606
5763
8696
6589
-4257
-5182
3096
-9629
9713
8800
8262
5111
-7880
5885
1962
7118
8820
-9565
-4598
1074
-6702
6254
-3197
1204
5806
5878
4097
6000
-6712
-3491
7110
-2526
-3222
3573
-4831
8309
8328
-2608
-6578
-337
2862
-6114
4052
-2249
-9720
-216
5021
-5774
4576
-8577
-9718
449
-3784
-5790
-578
-2854
4554
2106
2890
-7730
-5544
7523
5014
3917
8423
3900
8078
9544
6096
-2335
-8144
4989
8957
3138
2805
-3086
4892
-5386
1660
8831
3817
9184
-6557
3826
2192
4812
8191
3338
-2801
7688
-9646
3180
-9078
8318
-1643
-2158
-4274
2636
8629
7558
5602
6392
-2531
-4195
6835
-1201
-8978
5758
402
-5666
9143
8483
-5697
8718
-1941
-9341
6436
3690
-9352
529
-5324
2613
-8436
5463
-1655
-7677
-6926
-1032
5957
-8871
-553
1214
-3239
-99
9452
-6178
-8685
20
1516
1371
492
7682
6915
4720
8281
8134
-2362
3894
578
9900
-4174
-4411
-7037
6112
-8786
1019
-7186
-3728
6391
9955
-5593
1091
-6468
-4111
864
8220
6876
722
7301
-3146
-5413
-7532
-7452
2496
-2493
2652
-2444
3854
9533
6962
-3396
-5405
-7670
9420
9653
-1434
-9393
7262
198
833
2936
4606
2718
-6142
2365
8378
-221
5694
2578
-8698
-5344
-9674
-975
8166
-9427
-5138
3883
-7741
9412
112
6362
1624
-2327
3494
-399
8538
-1873
-9500
5757
-180
-8327
6326
-6036
2422
-6418
6563
-3811
1
-4287
7239
3121
8597
-5760
394
2429
-9561
1369
-9898
-9112
3956
-7421
-4199
5822
-3213
9799
-5594
550
-2378
-4432
-824
2145
-4475
6548
-9596
9626
-8023
-8552
6463
2726
-6964
-1266
6232
-5709
-9244
-9053
2456
-632
-9152
2860
9108
-6998
-9477
-4004
6104
4127
6638
4399
-4560
-7537
9101
2262
-9352
-2759
-4488
1898
-6080
-8837
-9076
-1581
-6620
-2635
1423
-8382
-8828
-1188
1541
9682
-8854
-5886
-1030
5101
5800
4586
-3732
716
-8427
-6434
-7797
-6471
-1075
-3084
-1383
9357
6661
3594
9319
4007
5920
-4880
-2863
-6979
1823
-9665
-6231
7030
9507
9462
5792
-1717
-6314
-4331
-4730
-7302
225
4975
-561
6615
-9315
2674
-3919
6725
-1060
2962
7881
-9463
-7267
2284
-1874
-6247
-4359
-962
4231
-8748
4474
-810
-1908
349
9831
-8506
4801
1931
2727
-5091
-6382
4419
6715
-7445
6112
-888
-5070
7248
7364
-9959
-4558
-8614
7401
4849
-764
-4019
-2879
5940
-7308
-9462
-4799
-8569
4009
-4253
-9854
-5903
-8451
6874
-6963
4030
8288
-4428
1914
8694
-3968
5145
1248
-180
-7810
-4707
-1876
2670
-7526
5666
343
4276
-1950
639
730
-6478
-9037
-1257
-1980
-8607
4597
7929
-2989
-7156
-5711
-1374
6084
-5752
8821
-1091
-7517
8379
-3601
-2822
9733
7333
2522
4877
7885
-6308
-6112
2761
8911
-6563
8752
9329
6509
8201
6926
-8908
1626
6074
9346
8712
-5490
7397
-4367
-5034
9052
9801
-2572
-9491
-7476
-6200
2594
1962
-6711
5124
-9030
7847
-5619
-9713
-2062
-9167
3189
8195
-9226
3062
-7491
8759
8898
6277
-4540
-966
-9358
-4544
3160
-4683
-8999
2803
-899
-3159
-4868
9577
-8768
3800
-5069
-5740
2298
2356
4591
-5756
-4278
7548
-3076
3078
-8445
-77
-4169
-9862
-7740
9530
8344
-1578
-8369
-1986
-7330
-876
-6703
4821
-8046
-755
-4242
-2180
-5174
9840
-7946
-1117
6943
-3331
2850
-3334
-2643
-1906
-2292
-828
1611
-3242
-8064
313
-5390
7089
-3264
8870
-8351
8365
9028
6741
3581
-3677
8358
9173
-7777
2149
-228
-7136
8724
7295
-3109
-4771
-877
9621
7402
6744
-5713
-6431
-7368
-7105
-1062
-5216
1703
6547
4242
5679
-820
9501
-3598
-9427
7448
5487
-1002
-915
5860
9994
-8631
-8260
-1851
-2508
4674
-6227
-8524
-4087
6875
-6475
-1318
7161
-954
4509
3789
5952
-6677
-4233
6214
-6397
3881
-2258
9643
7400
-3463
-8982
-8518
7539
-7686
7551
-7717
-9843
7124
-5435
-6814
6743
3727
4005
7361
9485
9243
7335
-4985
-9424
-643
2543
-68
-463
484
-9832
7568
7164
-3971
7932
-7747
-8482
-6131
-3798
-289
-6853
-4200
-2622
-4150
-1665
8194
8660
-8601
470
-8121
-2438
-5264
-8119
-9781
-84
-4648
6519
-1210
3282
8957
3189
5464
-4047
-7214
253
1880
-9526
-8768
-14
1935
5501
-357
-4336
-2854
-1166
-2470
6143
8353
-2089
9864
-4992
-555
6534
7110
-879
974
-2039
9767
-7341
6698
6947
8170
2325
-1113
-4165
-3869
123
-1217
3735
4528
-663
8442
-912
1286
1232
-7791
-5173
7441
8280
2819
-3273
5715
-925
3116
8748
-813
-8419
-165
-9640
-9021
5046
-6380
-3638
7985
-8341
-4617
5415
-8672
-4005
-106
-7558
-2955
4312
1103
1164
8419
6736
-4483
3700
-1271
-3571
-5700
4609
-5574
-8
-9543
-1096
-5344
22
6221
9862
-1183
5735
-886
-1123
-5018
-470
-3900
900
5459
2485
3244
-4774
5270
820
-5521
-9409
6479
402
-2662
1505
-15
8291
3937
2297
8758
2057
-7225
2713
-3084
2551
685
-6176
7851
-7733
4617
-1766
-554
3919
4687
7702
-9578
301
-4251
-835
-9124
4538
-2093
2989
-729
6249
-7125
6439
-9706
-1183
3826
-8701
3210
3863
2584
-3771
6154
7279
-5775
5764
20
-4209
4783
5263
9744
5055
-8617
-4621
6933
-7096
-873
8186
-3318
2099
-3738
8190
1169
9888
266
1345
-5060
3250
8737
-9500
-4872
-7030
-4547
-5593
2972
9000
7089
4677
-9492
6720
-1235
2732
-2503
-3602
-1336
408
-4068
708
-2256
5782
-8245
806
-6688
-6636
-4562
9085
-4133
9862
3637
7482
8541
-5084
-1122
3220
7842
592
6309
9517
-9011
6794
6611
-8763
-1999
4968
3207
9740
-7947
9971
3356
-1000
5340
1253
9911
642
7889
-2792
-3551
-6791
-2652
-740
8910
3756
6372
-9615
339
9142
9072
-5522
8071
-902
681
-6700
2807
-5563
5831
7382
-9916
8967
166
-1093
8746
2512
2145
2383
-1386
-7239
839
-2860
-5150
3799
-4417
3124
7317
-4490
-3599
-9844
955
2047
-7798
-349
8106
8389
-2942
-5795
-608
2036
9372
4990
-4789
-6267
8953
1663
-3781
631
4293
-2138
2676
4129
9635
2885
5345
-2057
6451
-2824
-6502
-4601
3854
-527
-707
-2833
9892
-9726
-3169
4079
6332
-2295
6419
-1828
2312
6847
-8060
3246
847
-8520
-1445
8040
-3064
-8321
-8183
8418
4618
-1526
5071
-196
2614
-8899
5396
5285
2330
3243
-5479
-8715
-7934
-3887
4230
-8959
1126
4556
-6624
-8485
7734
2082
-7969
2595
-7475
-2013
-3662
282
8269
7653
-3748
2458
-3519
-4121
5295
-4597
5322
-1051
-3949
-4046
-6997
3266
-2103
-8950
3849
9018
2146
-1792
9126
8525
-388
6314
-7798
9672
1213
-8870
-4577
8695
-9821
5435
-4338
5379
9915
-1658
9589
-3881
5747
3019
-685
4344
-6949
-3365
9292
1324
-772
-7988
1826
-9119
5403
-8909
4658
2539
1566
-7500
-6540
4650
-7965
-288
-6360
3356
4687
6196
8157
772
-3615
-3218
-272
2140
-5141
9393
7717
8873
-6506
4819
-4924
3147
-2490
-7694
-3941
-3187
8686
8694
278
4342
1089
1780
1603
3369
8779
-4590
768
-2745
7281
-9848
5202
-5950
2818
-484
9692
-9730
-7869
3540
-2672
4686
-609
-1812
-1242
-1737
661
-7149
-3290
-1814
5012
112
-9534
-5943
-4715
1766
2838
711
-2183
1446
-6494
2447
6246
-4002
-7059
8432
9851
-6385
-8067
1084
-2037
-4998
4522
-8458
-6219
-5000
-8047
1423
-7635
7133
-5164
-1757
6921
-7305
-4151
9343
6083
-3656
